,start_freq,end_freq,probability,index
0,1074.3060986279731,1074.3177128499751,0.735,3102.0
1,1072.9472346537414,1072.9588488757433,0.72,3804.0
2,1066.7568543266848,1066.7684685486868,0.542,7002.0
3,1064.4688525922943,1064.4804668142963,0.532,8184.0
4,1063.969441046209,1063.981055268211,0.502,8442.0
5,1054.933576328667,1054.945190550669,0.619,13110.0
6,1054.863890996655,1054.875505218657,0.746,13146.0
7,1054.5851496686075,1054.5967638906095,0.626,13290.0
8,1051.716436834118,1051.72805105612,0.544,14772.0
9,1051.704822612116,1051.716436834118,0.623,14778.0
10,1039.4982752880328,1039.5098895100348,0.672,21084.0
11,1037.8142130977453,1037.8258273197473,0.909,21954.0
12,1034.3415607191525,1034.3531749411545,0.596,23748.0
13,1033.2498238509663,1033.2614380729683,0.613,24312.0
14,1033.2382096289643,1033.2498238509663,0.789,24318.0
15,1075.5081706051783,1075.5197848271803,0.532,2478.0
16,1070.8160249163775,1070.8276391383795,0.805,4902.0
17,1069.9798009322349,1069.9914151542368,0.517,5334.0
18,1066.7510472156837,1066.7626614376857,0.531,7002.0
19,1064.3352890392714,1064.3469032612734,0.575,8250.0
20,1060.003184232532,1060.014798454534,0.577,10488.0
21,1054.9974545496777,1055.0090687716797,0.575,13074.0
22,1050.9673195149899,1050.9789337369918,0.675,15156.0
23,1048.7722315566155,1048.7838457786174,0.728,16290.0
24,1048.5051044505697,1048.5167186725716,0.72,16428.0
25,1044.2542991978444,1044.2659134198464,0.893,18624.0
26,1041.5017285833744,1041.5133428053764,0.598,20046.0
27,1039.4924681770317,1039.5040823990337,0.515,21084.0
28,1024.1268524684092,1024.1384666904112,0.606,29022.0
29,1131.8988478691774,1131.9104620911794,0.52,2484.0
30,1131.3762078790883,1131.3878221010903,0.863,2754.0
31,1122.2474293855303,1122.2590436075322,0.665,7470.0
32,1121.9803022794847,1121.9919165014867,0.539,7608.0
33,1117.845639246779,1117.857253468781,0.51,9744.0
34,1117.276542368682,1117.288156590684,0.687,10038.0
35,1113.1302651139742,1113.1418793359762,0.507,12180.0
36,1112.642467789891,1112.654082011893,0.601,12432.0
37,1112.4101833498514,1112.4217975718534,0.676,12552.0
38,1112.2940411298316,1112.3056553518336,0.511,12612.0
39,1105.511335480674,1105.522949702676,0.984,16116.0
40,1105.0932234886027,1105.1048377106044,0.638,16332.0
41,1097.625278741328,1097.63689296333,0.628,20190.0
42,1094.0016414767097,1094.0132556987116,0.626,22062.0
43,1091.3071419722498,1091.3187561942518,0.658,23454.0
44,1090.7148166501486,1090.7264308721506,0.721,23760.0
45,1090.0179633300297,1090.0295775520317,0.566,24120.0
46,1090.0063491080277,1090.0179633300297,0.661,24126.0
47,1089.9947348860258,1090.0063491080277,0.56,24132.0
48,1089.9715064420218,1089.9831206640238,0.575,24144.0
49,1089.9598922200198,1089.9715064420218,0.682,24150.0
50,1089.3443384539148,1089.3559526759168,0.931,24468.0
51,1089.1585109018831,1089.170125123885,0.92,24564.0
52,1088.6707135777997,1088.682327799802,0.663,24816.0
53,1088.6358709117937,1088.6474851337957,0.822,24834.0
54,1088.6126424677898,1088.6242566897918,0.713,24846.0
55,1088.473271803766,1088.484886025768,0.765,24918.0
56,1088.450043359762,1088.461657581764,0.689,24930.0
57,1088.43842913776,1088.450043359762,0.551,24936.0
58,1088.0667740336967,1088.0783882556987,0.642,25128.0
59,1080.749814172448,1080.76142839445,0.833,28908.0
60,1133.3680469524281,1133.37966117443,0.541,1722.0
61,1128.0138906095142,1128.0255048315162,0.707,4488.0
62,1126.236914643211,1126.248528865213,0.871,5406.0
63,1125.0174213330029,1125.0290355550048,0.834,6036.0
64,1123.3798160307233,1123.3914302527253,0.857,6882.0
65,1122.7991049306243,1122.8107191526262,0.721,7182.0
66,1122.7526480426163,1122.7642622646183,0.567,7206.0
67,1122.0441805004955,1122.0557947224975,0.727,7572.0
68,1121.5447689544103,1121.5563831764123,0.563,7830.0
69,1120.6853165262635,1120.6969307482655,0.555,8274.0
70,1116.7597094895934,1116.7713237115954,0.526,10302.0
71,1114.9943477452923,1115.0059619672943,0.676,11214.0
72,1112.0094926907827,1112.0211069127847,0.788,12756.0
73,1111.3126393706639,1111.3242535926659,0.553,13116.0
74,1107.5960883300297,1107.6077025520317,0.881,15036.0
75,1106.3765950198215,1106.3882092418235,0.627,15666.0
76,1105.9468688057482,1105.9584830277502,0.643,15888.0
77,1105.505528369673,1105.5171425916749,0.963,16116.0
78,1104.100207507433,1104.111821729435,0.621,16842.0
79,1100.4417275768087,1100.4533417988107,0.86,18732.0
80,1090.0586131070365,1090.0702273290385,0.614,24096.0
81,1090.0353846630326,1090.0469988850346,0.591,24108.0
82,1090.0121562190286,1090.0237704410306,0.519,24120.0
83,1089.9889277750246,1090.0005419970266,0.674,24132.0
84,1089.9773135530227,1089.9889277750246,0.656,24138.0
85,1089.9656993310207,1089.9773135530227,0.584,24144.0
86,1089.3385313429137,1089.3501455649157,0.751,24468.0
87,1088.6416780227946,1088.6532922447966,0.924,24828.0
88,1088.6184495787907,1088.6300638007926,0.841,24840.0
89,1088.479078914767,1088.4906931367689,0.702,24912.0
90,1088.455850470763,1088.467464692765,0.698,24924.0
91,1088.444236248761,1088.455850470763,0.761,24930.0
92,1082.683582135778,1082.6951963577799,0.585,27906.0
93,1081.4408603815657,1081.4524746035677,0.856,28548.0
94,1186.4951278338701,1186.506742055872,0.836,3414.0
95,1183.8935421054261,1183.9051563274281,0.527,4758.0
96,1182.000423919103,1182.012038141105,0.682,5736.0
97,1178.8994266445739,1178.9110408665758,0.565,7338.0
98,1178.5858426505204,1178.5974568725223,0.631,7500.0
99,1178.202573324455,1178.214187546457,0.724,7698.0
100,1177.3315066743062,1177.3431208963082,0.506,8148.0
101,1176.9366231262388,1176.9482373482408,0.528,8352.0
102,1174.799606277874,1174.811220499876,0.574,9456.0
103,1172.7671174275272,1172.7787316495292,0.516,10506.0
104,1172.6045183194994,1172.6161325415014,0.563,10590.0
105,1168.5859975068138,1168.5976117288158,0.584,12666.0
106,1154.9741293204906,1154.9857435424926,0.714,19698.0
107,1154.2888902223735,1154.3005044443755,0.56,20052.0
108,1149.8871000836225,1149.8987143056245,0.914,22326.0
109,1149.492216535555,1149.503830757557,0.564,22530.0
110,1145.1136548408076,1145.1252690628098,0.558,24792.0
111,1145.1020406188059,1145.1136548408076,0.565,24798.0
112,1145.0207410647918,1145.0323552867937,0.548,24840.0
113,1141.1532051381319,1141.1648193601338,0.585,26838.0
114,1139.120716287785,1139.132330509787,0.628,27888.0
115,1138.0870505296084,1138.0986647516106,0.569,28422.0
116,1137.9012229775767,1137.9128371995787,0.853,28518.0
117,1191.8086343997768,1191.8202486217788,0.575,666.0
118,1184.491674538528,1184.50328876053,0.528,4446.0
119,1181.4255199300048,1181.4371341520068,0.659,6030.0
120,1181.2048497119672,1181.2164639339692,0.534,6144.0
121,1180.6125243898662,1180.6241386118681,0.57,6450.0
122,1177.9528675514123,1177.9644817734143,0.528,7824.0
123,1173.8646614067145,1173.8762756287165,0.549,9936.0
124,1170.4268516941277,1170.4384659161296,0.602,11712.0
125,1168.6034188398166,1168.6150330618186,0.603,12654.0
126,1168.5453477298067,1168.5569619518087,0.582,12684.0
127,1166.965813537537,1166.977427759539,0.871,13500.0
128,1163.5047753809463,1163.5163896029483,0.727,15288.0
129,1163.086663388875,1163.098277610877,0.663,15504.0
130,1155.9903737456639,1156.0019879676659,0.649,19170.0
131,1154.9799364314915,1154.9915506534935,1.0,19692.0
132,1148.9056983244548,1148.9173125464567,0.537,22830.0
133,1145.0962335078048,1145.1078477298065,0.512,24798.0
134,1145.0381623977946,1145.0497766197966,0.609,24828.0
135,1143.9348113076064,1143.9464255296084,0.603,25398.0
136,1141.1822406931367,1141.1938549151387,0.53,26820.0
137,1141.1706264711347,1141.1822406931367,0.54,26826.0
138,1141.1590122491327,1141.1706264711347,0.603,26832.0
139,1138.0812434186073,1138.0928576406095,0.694,28422.0
140,1137.8954158665756,1137.9070300885776,0.872,28518.0
141,1227.5376107222498,1227.5492249442518,0.672,11346.0
142,1227.398240058226,1227.409854280228,0.508,11418.0
143,1226.3878027440535,1226.3994169660555,0.516,11940.0
144,1226.2135894140238,1226.2252036360258,0.603,12030.0
145,1224.9360249938059,1224.9476392158078,0.557,12690.0
146,1223.7513743496036,1223.7629885716055,0.543,13302.0
147,1218.954700662785,1218.966314884787,0.598,15780.0
148,1212.4623505636769,1212.4739647856788,0.573,19134.0
149,1209.744622615213,1209.756236837215,0.557,20538.0
150,1209.0129266290883,1209.0245408510903,0.56,20916.0
151,1208.8270990770566,1208.8387132990586,0.627,21012.0
152,1207.5959915448464,1207.6076057668483,0.529,21648.0
153,1207.5263062128345,1207.5379204348365,0.788,21684.0
154,1207.4566208808226,1207.4682351028246,0.547,21720.0
155,1206.632011118682,1206.643625340684,0.797,22146.0
156,1199.0130814853815,1199.0246957073834,0.676,26082.0
157,1242.6535206578294,1242.6651348798314,0.561,3534.0
158,1233.3969857222496,1233.4085999442516,0.507,8316.0
159,1228.3912560393953,1228.4028702613973,0.53,10902.0
160,1228.3680275953914,1228.3796418173933,0.519,10914.0
161,1228.2634995973735,1228.2751138193755,0.619,10968.0
162,1228.2402711533696,1228.2518853753716,0.574,10980.0
163,1227.7757022732903,1227.7873164952923,0.54,11220.0
164,1217.5900295775518,1217.6016437995538,0.675,16482.0
165,1217.1719175854805,1217.1835318074825,0.515,16698.0
166,1214.0593060889494,1214.0709203109514,0.942,18306.0
167,1212.328787010654,1212.340401232656,0.601,19200.0
168,1208.9955052960852,1209.0071195180872,0.891,20922.0
169,1208.0779817579285,1208.0895959799304,0.671,21396.0
170,1207.0210875557482,1207.0327017777502,0.723,21942.0
171,1206.6378182296828,1206.6494324516848,0.85,22140.0
172,1206.0338786855796,1206.0454929075815,0.576,22452.0
173,1205.9990360195736,1206.0106502415756,0.518,22470.0
174,1205.8712795775518,1205.8828937995538,0.548,22536.0
175,1305.4087915789148,1305.4204058009168,0.6,252.0
176,1305.327492024901,1305.339106246903,0.593,294.0
177,1305.281035136893,1305.292649358895,0.556,318.0
178,1302.5400787444253,1302.5516929664273,0.533,1734.0
179,1294.6424077830773,1294.6540220050792,0.516,5814.0
180,1269.369860706764,1269.381474928766,0.691,18870.0
181,1259.3003302310456,1259.3119444530475,0.563,24072.0
182,1305.4145986899157,1305.4262129119177,0.67,246.0
183,1305.3449133579038,1305.3565275799058,0.547,282.0
184,1302.696870741452,1302.7084849634539,0.524,1650.0
185,1302.2439160833744,1302.2555303053764,0.552,1884.0
186,1296.3787339723735,1296.3903481943755,0.681,4914.0
187,1295.426367768211,1295.437981990213,0.535,5406.0
188,1271.0945726740583,1271.1061868960603,0.748,17976.0
189,1264.6138367969522,1264.6254510189542,0.58,21324.0
190,1264.4744661329285,1264.4860803549304,0.794,21396.0
191,1262.8136323866452,1262.8252466086471,0.518,22254.0
192,1261.7915808504706,1261.8031950724726,0.691,22782.0
193,1261.7567381844647,1261.7683524064666,0.509,22800.0
194,1260.0494475501732,1260.0610617721752,0.938,23682.0
195,1357.6357702552032,1357.6473844772052,0.73,2406.0
196,1354.499930314668,1354.51154453667,0.545,4026.0
197,1353.4662645564915,1353.4778787784935,0.691,4560.0
198,1346.9623002353815,1346.9739144573834,0.822,7920.0
199,1346.4396602452923,1346.4512744672943,0.834,8190.0
200,1346.2189900272547,1346.2306042492567,0.647,8304.0
201,1341.7939714444994,1341.8055856665014,0.51,10590.0
202,1334.4886258052527,1334.5002400272547,0.527,14364.0
203,1333.002005388999,1333.013619611001,0.556,15132.0
204,1329.761637450446,1329.773251672448,0.526,16806.0
205,1327.775605488107,1327.787219710109,0.604,17832.0
206,1327.113594833994,1327.125209055996,0.652,18174.0
207,1324.9185068756194,1324.9301210976214,0.832,19308.0
208,1313.9314528617442,1313.9430670837462,0.765,24984.0
209,1311.0278973612487,1311.0395115832507,0.549,26484.0
210,1310.27297293112,1310.284587153122,0.595,26874.0
211,1308.252098302775,1308.263712524777,0.728,27918.0
212,1308.1475703047572,1308.1591845267592,0.512,27972.0
213,1307.9849711967295,1307.9965854187315,0.542,28056.0
214,1307.9501285307235,1307.9617427527255,0.501,28074.0
215,1307.671387202676,1307.683001424678,0.71,28218.0
216,1307.659772980674,1307.671387202676,0.521,28224.0
217,1307.63654453667,1307.648158758672,0.645,28236.0
218,1307.5436307606542,1307.5552449826562,0.613,28284.0
219,1307.5087880946483,1307.5204023166502,0.501,28302.0
220,1307.4971738726463,1307.5087880946483,0.669,28308.0
221,1307.4623312066403,1307.4739454286423,0.549,28326.0
222,1307.3694174306245,1307.3810316526265,0.584,28374.0
223,1307.3113463206146,1307.3229605426166,0.514,28404.0
224,1307.2997320986124,1307.3113463206146,0.528,28410.0
225,1307.2765036546084,1307.2881178766106,0.523,28422.0
226,1307.2532752106044,1307.2648894326067,0.702,28434.0
227,1307.2300467666005,1307.2416609886027,0.522,28446.0
228,1307.1719756565906,1307.1835898785926,0.517,28476.0
229,1307.0906761025767,1307.1022903245787,0.608,28518.0
230,1307.0326049925668,1307.0442192145688,0.74,28548.0
231,1306.962919660555,1306.974533882557,0.618,28584.0
232,1306.951305438553,1306.962919660555,0.514,28590.0
233,1306.928076994549,1306.939691216551,0.564,28602.0
234,1306.881620106541,1306.893234328543,0.513,28626.0
235,1306.858391662537,1306.870005884539,0.602,28638.0
236,1306.8351632185331,1306.846777440535,0.522,28650.0
237,1306.7654778865212,1306.7770921085232,0.536,28686.0
238,1306.7538636645193,1306.7654778865212,0.678,28692.0
239,1306.7422494425173,1306.7538636645193,0.549,28698.0
240,1306.7074067765113,1306.7190209985133,0.833,28716.0
241,1306.4054370044598,1306.4170512264618,0.557,28872.0
242,1306.3938227824578,1306.4054370044598,0.846,28878.0
243,1305.9989392343905,1306.0105534563925,0.603,29082.0
244,1305.9408681243806,1305.9524823463826,0.729,29112.0
245,1361.4394279608523,1361.4510421828543,0.627,438.0
246,1359.8482795465807,1359.8598937685827,0.868,1260.0
247,1358.2106742443011,1358.222288466303,0.784,2106.0
248,1357.73449114222,1357.7461053642219,0.757,2352.0
249,1347.5720468904856,1347.5836611124876,0.555,7602.0
250,1335.9345964444994,1335.9462106665014,0.523,13614.0
251,1331.9741467418235,1331.9857609638254,0.749,15660.0
252,1325.04045620664,1325.052070428642,0.596,19242.0
253,1324.9126997646183,1324.9243139866203,0.769,19308.0
254,1324.2158464444994,1324.2274606665014,0.534,19668.0
255,1323.182180686323,1323.193794908325,0.664,20202.0
256,1310.9407906962338,1310.9524049182357,0.607,26526.0
257,1308.5250325198215,1308.5366467418235,0.511,27774.0
258,1308.153377415758,1308.16499163776,0.607,27966.0
259,1308.0023925297323,1308.0140067517343,0.552,28044.0
260,1307.9791640857284,1307.9907783077304,0.644,28056.0
261,1307.9210929757185,1307.9327071977204,0.727,28086.0
262,1307.9094787537165,1307.9210929757185,0.666,28092.0
263,1307.8862503097125,1307.8978645317145,0.6,28104.0
264,1307.8746360877105,1307.8862503097125,0.581,28110.0
265,1307.8165649777006,1307.8281791997026,0.644,28140.0
266,1307.6771943136769,1307.6888085356788,0.633,28212.0
267,1307.619123203667,1307.630737425669,0.517,28242.0
268,1307.4681383176412,1307.4797525396432,0.608,28320.0
269,1307.4100672076313,1307.4216814296333,0.741,28350.0
270,1307.3868387636273,1307.3984529856293,0.509,28362.0
271,1307.3636103196234,1307.3752245416254,0.937,28374.0
272,1307.2706965436073,1307.2823107656095,0.62,28422.0
273,1307.1777827675915,1307.1893969895934,0.522,28470.0
274,1307.1661685455895,1307.1777827675915,0.579,28476.0
275,1307.0848689915756,1307.0964832135776,0.579,28518.0
276,1307.0267978815657,1307.0384121035677,0.534,28548.0
277,1307.0151836595637,1307.0267978815657,0.543,28554.0
278,1306.9454983275518,1306.9571125495538,0.602,28590.0
279,1306.9338841055499,1306.9454983275518,0.661,28596.0
280,1306.887427217542,1306.899041439544,0.599,28620.0
281,1306.852584551536,1306.864198773538,0.54,28638.0
282,1306.840970329534,1306.852584551536,0.563,28644.0
283,1306.806127663528,1306.81774188553,0.602,28662.0
284,1306.782899219524,1306.794513441526,0.669,28674.0
285,1306.7596707755201,1306.7712849975221,0.625,28686.0
286,1306.7364423315162,1306.7480565535182,0.744,28698.0
287,1306.7132138875122,1306.7248281095142,0.645,28710.0
288,1306.5738432234884,1306.5854574454904,0.625,28782.0
289,1306.5273863354805,1306.5390005574825,0.648,28806.0
290,1306.5157721134785,1306.5273863354805,0.551,28812.0
291,1306.1092743434092,1306.1208885654112,0.714,29022.0
292,1305.9931321233894,1306.0047463453914,0.682,29082.0
293,1305.9699036793854,1305.9815179013874,0.569,29094.0
294,1410.1066475935331,1410.118261815535,0.549,4434.0
295,1408.0393160771803,1408.0509302991823,0.753,5502.0
296,1398.6434104775767,1398.6550246995787,0.59,10356.0
297,1396.7967491792617,1396.8083634012637,0.674,11310.0
298,1396.2857234111743,1396.2973376331763,0.507,11574.0
299,1384.4276027471506,1384.4392169691525,0.809,17700.0
300,1366.1352030940288,1366.1468173160308,0.52,27150.0
301,1365.6125631039395,1365.6241773259414,0.542,27420.0
302,1364.1840137976958,1364.1956280196978,0.618,28158.0
303,1364.03302891167,1364.044643133672,0.634,28236.0
304,1418.021739887884,1418.033354109886,0.799,342.0
305,1415.8034234855054,1415.8150377075074,0.631,1488.0
306,1412.3075426629086,1412.3191568849106,0.551,3294.0
307,1397.4645669443755,1397.4761811663775,0.505,10962.0
308,1394.3635696698464,1394.3751838918483,0.555,12564.0
309,1394.1777421178147,1394.1893563398166,0.834,12660.0
310,1370.0433887976956,1370.0550030196976,0.886,25128.0
311,1367.6508590652872,1367.6624732872892,0.77,26364.0
312,1474.551787815907,1474.5634020379089,0.532,276.0
313,1462.2639409378098,1462.2755551598118,0.681,6624.0
314,1457.1188405909315,1457.1304548129335,0.601,9282.0
315,1457.0607694809216,1457.0723837029236,0.565,9312.0
316,1456.840099262884,1456.851713484886,0.738,9426.0
317,1454.9353668545589,1454.9469810765609,0.836,10410.0
318,1453.077091334242,1453.088705556244,0.805,11370.0
319,1452.4731517901387,1452.4847660121407,0.597,11682.0
320,1451.9737402440535,1451.9853544660555,0.761,11940.0
321,1448.8727429695243,1448.8843571915263,0.758,13542.0
322,1443.948312840684,1443.959927062686,0.836,16086.0
323,1442.7985048624876,1442.8101190844895,0.506,16680.0
324,1442.7752764184836,1442.7868906404856,0.516,16692.0
325,1442.7520479744796,1442.7636621964816,0.786,16704.0
326,1442.7288195304757,1442.7404337524777,0.55,16716.0
327,1442.7055910864717,1442.7172053084737,0.761,16728.0
328,1442.6591341984638,1442.6707484204658,0.672,16752.0
329,1442.589448866452,1442.6010630884539,0.721,16788.0
330,1442.0668088763628,1442.0784230983647,0.572,17058.0
331,1438.8961262698217,1438.9077404918237,0.767,18696.0
332,1428.187813583994,1428.199427805996,0.785,24228.0
333,1473.3032589506936,1473.3148731726956,0.762,918.0
334,1471.793410090436,1471.805024312438,0.732,1698.0
335,1465.1733035493062,1465.1849177713082,0.569,5118.0
336,1463.280185362983,1463.291799584985,0.598,6096.0
337,1456.5903934898413,1456.6020077118433,0.897,9552.0
338,1454.3953055314666,1454.4069197534686,0.584,10686.0
339,1451.1317091489097,1451.1433233709117,0.601,12372.0
340,1451.1084807049058,1451.1200949269078,0.846,12384.0
341,1450.945881596878,1450.95749581888,0.86,12468.0
342,1450.0748149467292,1450.0864291687312,0.526,12918.0
343,1446.1724363540634,1446.1840505760654,0.726,14934.0
344,1442.7926977514865,1442.8043119734884,0.601,16680.0
345,1442.7346266414766,1442.7462408634785,0.758,16710.0
346,1442.7230124194746,1442.7346266414766,0.802,16716.0
347,1442.7113981974726,1442.7230124194746,0.625,16722.0
348,1442.6997839754706,1442.7113981974726,0.525,16728.0
349,1442.6533270874627,1442.6649413094647,0.687,16752.0
350,1442.6417128654607,1442.6533270874627,0.783,16758.0
351,1442.444271091427,1442.455885313429,0.541,16860.0
352,1442.0958444313676,1442.1074586533696,0.923,17040.0
353,1427.9845646989593,1427.9961789209613,0.549,24330.0
354,1419.1693701994548,1419.1809844214567,0.559,28884.0
355,1531.3315415169723,1531.3431557389742,0.613,78.0
356,1531.2966988509663,1531.3083130729683,0.566,96.0
357,1531.2618561849604,1531.2734704069624,0.576,114.0
358,1531.2037850749505,1531.2153992969525,0.523,144.0
359,1531.1805566309465,1531.1921708529485,0.526,156.0
360,1531.1573281869426,1531.1689424089445,0.631,168.0
361,1531.1340997429386,1531.1457139649406,0.748,180.0
362,1531.1224855209366,1531.1340997429386,0.563,186.0
363,1531.0876428549307,1531.0992570769326,0.598,204.0
364,1531.0411859669227,1531.0528001889247,0.569,228.0
365,1531.0295717449208,1531.0411859669227,0.625,234.0
366,1531.0179575229188,1531.0295717449208,0.54,240.0
367,1530.9831148569128,1530.9947290789148,0.82,258.0
368,1530.9715006349109,1530.9831148569128,0.724,264.0
369,1530.913429524901,1530.925043746903,0.623,294.0
370,1530.7972873048811,1530.8089015268831,0.769,354.0
371,1530.7856730828792,1530.7972873048811,0.683,360.0
372,1530.7740588608772,1530.7856730828792,0.594,366.0
373,1530.7624446388752,1530.7740588608772,0.535,372.0
374,1530.7392161948712,1530.7508304168732,0.551,384.0
375,1530.7159877508673,1530.7276019728693,0.555,396.0
376,1530.6695308628593,1530.6811450848613,0.516,420.0
377,1530.5882313088455,1530.5998455308475,0.672,462.0
378,1530.5766170868435,1530.5882313088455,0.56,468.0
379,1530.3559468688059,1530.3675610908078,0.572,582.0
380,1530.3094899807977,1530.3211042027997,0.637,606.0
381,1530.193347760778,1530.2049619827799,0.539,666.0
382,1529.6358651046828,1529.6474793266848,0.727,954.0
383,1529.6242508826808,1529.6358651046828,0.54,960.0
384,1529.4151948866452,1529.4268091086471,0.557,1068.0
385,1529.2409815566155,1529.2525957786174,0.67,1158.0
386,1528.904169118558,1528.91578334056,0.593,1332.0
387,1528.4047575724728,1528.4163717944748,0.534,1590.0
388,1528.1260162444253,1528.1376304664273,0.591,1734.0
389,1527.9750313583993,1527.9866455804015,0.622,1812.0
390,1527.9634171363973,1527.9750313583993,0.519,1818.0
391,1527.9518029143953,1527.9634171363973,0.645,1824.0
392,1527.9401886923933,1527.9518029143953,0.562,1830.0
393,1527.9053460263874,1527.9169602483894,0.718,1848.0
394,1527.8588891383795,1527.8705033603815,0.544,1872.0
395,1527.8472749163775,1527.8588891383795,0.587,1878.0
396,1527.8356606943755,1527.8472749163775,0.558,1884.0
397,1527.3362491482903,1527.3478633702923,0.653,2142.0
398,1527.2781780382804,1527.2897922602824,0.523,2172.0
399,1527.2549495942765,1527.2665638162784,0.533,2184.0
400,1527.2317211502725,1527.2433353722745,0.554,2196.0
401,1527.0110509322349,1527.0226651542368,0.725,2310.0
402,1526.9994367102329,1527.0110509322349,0.504,2316.0
403,1526.5697104961596,1526.5813247181616,0.525,2538.0
404,1526.5348678301536,1526.5464820521556,0.894,2556.0
405,1526.5232536081517,1526.5348678301536,0.775,2562.0
406,1526.5000251641477,1526.5116393861497,0.709,2574.0
407,1526.4884109421457,1526.5000251641477,0.723,2580.0
408,1526.4767967201437,1526.4884109421457,0.688,2586.0
409,1526.4651824981418,1526.4767967201437,0.593,2592.0
410,1526.4535682761398,1526.4651824981418,0.695,2598.0
411,1526.4419540541378,1526.4535682761398,0.69,2604.0
412,1526.4303398321358,1526.4419540541378,0.628,2610.0
413,1526.383882944128,1526.3954971661299,0.553,2634.0
414,1526.372268722126,1526.383882944128,0.525,2640.0
415,1526.325811834118,1526.33742605612,0.57,2664.0
416,1526.302583390114,1526.314197612116,0.674,2676.0
417,1526.267740724108,1526.27935494611,0.551,2694.0
418,1526.1864411700942,1526.1980553920962,0.715,2736.0
419,1526.1167558380823,1526.1283700600843,0.658,2772.0
420,1526.0819131720764,1526.0935273940784,0.553,2790.0
421,1526.0702989500744,1526.0819131720764,0.594,2796.0
422,1526.0122278400645,1526.0238420620665,0.504,2826.0
423,1525.9889993960605,1526.0006136180625,0.508,2838.0
424,1525.9657709520566,1525.9773851740586,0.609,2850.0
425,1525.9076998420467,1525.9193140640486,0.536,2880.0
426,1525.8844713980427,1525.8960856200447,0.856,2892.0
427,1525.8031718440288,1525.8147860660308,0.598,2934.0
428,1525.7915576220269,1525.8031718440288,0.576,2940.0
429,1525.7799434000249,1525.7915576220269,0.661,2946.0
430,1525.768329178023,1525.7799434000249,0.636,2952.0
431,1525.733486512017,1525.745100734019,0.768,2970.0
432,1525.675415402007,1525.687029624009,0.611,3000.0
433,1525.617344291997,1525.628958513999,0.639,3030.0
434,1525.605730069995,1525.617344291997,0.539,3036.0
435,1525.559273181987,1525.570887403989,0.675,3060.0
436,1525.4199025179632,1525.4315167399652,0.506,3132.0
437,1525.3966740739593,1525.4082882959613,0.775,3144.0
438,1525.3037602979434,1525.3153745199454,0.789,3192.0
439,1525.2573034099355,1525.2689176319375,0.517,3216.0
440,1525.2340749659315,1525.2456891879335,0.542,3228.0
441,1525.2108465219276,1525.2224607439296,0.522,3240.0
442,1525.1992322999256,1525.2108465219276,0.666,3246.0
443,1525.1527754119177,1525.1643896339197,0.573,3270.0
444,1525.1179327459117,1525.1295469679137,0.572,3288.0
445,1525.0947043019078,1525.1063185239097,0.587,3300.0
446,1525.0830900799058,1525.0947043019078,0.565,3306.0
447,1525.0714758579038,1525.0830900799058,0.565,3312.0
448,1524.93210519388,1524.943719415882,0.661,3384.0
449,1522.0285496933845,1522.0401639153865,0.645,4884.0
450,1522.0053212493806,1522.0169354713826,0.515,4896.0
451,1521.9937070273786,1522.0053212493806,0.669,4902.0
452,1521.726579921333,1521.738194143335,0.687,5040.0
453,1521.2736252632558,1521.2852394852578,0.807,5274.0
454,1517.5338457786174,1517.5454600006194,0.721,7206.0
455,1515.0948591582012,1515.1064733802032,0.541,8466.0
456,1514.4096200600843,1514.4212342820863,0.743,8820.0
457,1513.6546956299553,1513.6663098519573,0.738,9210.0
458,1505.9660806646432,1505.9776948866452,0.881,13182.0
459,1503.5967793762388,1503.6083935982408,0.946,14406.0
460,1503.0741393861497,1503.0857536081517,0.85,14676.0
461,1496.953444391105,1496.965058613107,0.846,17838.0
462,1494.8512702087462,1494.8628844307482,0.816,18924.0
463,1493.794376006566,1493.805990228568,0.631,19470.0
464,1489.7177840838701,1489.729398305872,0.662,21576.0
465,1483.8177593068633,1483.8293735288653,0.535,24624.0
466,1479.3114411700942,1479.3230553920962,0.513,26952.0
467,1478.719115847993,1478.730730069995,0.844,27258.0
468,1531.407033959985,1531.418648181987,0.569,36.0
469,1531.360577071977,1531.372191293979,0.506,60.0
470,1531.3257344059712,1531.3373486279731,0.675,78.0
471,1531.2908917399652,1531.3025059619672,0.605,96.0
472,1531.2212064079533,1531.2328206299553,0.582,132.0
473,1531.1631352979434,1531.1747495199454,0.509,162.0
474,1531.1515210759414,1531.1631352979434,0.561,168.0
475,1531.1399068539395,1531.1515210759414,0.816,174.0
476,1531.1050641879335,1531.1166784099355,0.646,192.0
477,1531.0934499659315,1531.1050641879335,0.827,198.0
478,1531.0469930779236,1531.0586072999256,0.583,222.0
479,1531.0237646339197,1531.0353788559216,0.57,234.0
480,1530.9308508579038,1530.9424650799058,0.643,282.0
481,1530.872779747894,1530.8843939698959,0.827,312.0
482,1530.837937081888,1530.84955130389,0.538,330.0
483,1530.826322859886,1530.837937081888,0.536,336.0
484,1530.814708637884,1530.826322859886,0.698,342.0
485,1530.803094415882,1530.814708637884,0.541,348.0
486,1530.768251749876,1530.779865971878,0.708,366.0
487,1530.745023305872,1530.756637527874,0.663,378.0
488,1530.6753379738602,1530.6869521958622,0.52,414.0
489,1530.5708099758424,1530.5824241978444,0.543,468.0
490,1530.5475815318384,1530.5591957538404,0.646,480.0
491,1530.3385255358028,1530.3501397578048,0.519,588.0
492,1530.3036828697966,1530.3152970917986,0.702,606.0
493,1529.9900988757431,1530.001713097745,0.687,768.0
494,1529.7578144357035,1529.7694286577055,0.564,888.0
495,1529.6184437716797,1529.6300579936817,0.855,960.0
496,1529.409387775644,1529.421001997646,0.545,1068.0
497,1528.817062453543,1528.828676675545,0.541,1374.0
498,1527.9808384694004,1527.9924526914024,0.737,1806.0
499,1527.9692242473982,1527.9808384694004,0.512,1812.0
500,1527.9576100253962,1527.9692242473982,0.556,1818.0
501,1527.9459958033942,1527.9576100253962,0.616,1824.0
502,1527.9343815813922,1527.9459958033942,0.515,1830.0
503,1527.9111531373883,1527.9227673593903,0.73,1842.0
504,1527.8879246933843,1527.8995389153863,0.574,1854.0
505,1527.8530820273784,1527.8646962493804,0.554,1872.0
506,1527.8414678053764,1527.8530820273784,0.519,1878.0
507,1527.3652847032952,1527.3768989252972,0.54,2124.0
508,1527.3420562592912,1527.3536704812932,0.579,2136.0
509,1527.3188278152872,1527.3304420372892,0.815,2148.0
510,1527.2839851492813,1527.2955993712833,0.634,2166.0
511,1527.2607567052773,1527.2723709272793,0.636,2178.0
512,1527.2142998172694,1527.2259140392714,0.653,2202.0
513,1527.2026855952674,1527.2142998172694,0.72,2208.0
514,1527.0052438212338,1527.0168580432357,0.643,2310.0
515,1526.9936295992318,1527.0052438212338,0.521,2316.0
516,1526.9704011552278,1526.9820153772298,0.544,2328.0
517,1526.9471727112239,1526.9587869332258,0.622,2340.0
518,1526.5639033851585,1526.5755176071605,0.595,2538.0
519,1526.5522891631565,1526.5639033851585,0.598,2544.0
520,1526.5406749411545,1526.5522891631565,0.577,2550.0
521,1526.5290607191525,1526.5406749411545,0.683,2556.0
522,1526.5174464971506,1526.5290607191525,0.509,2562.0
523,1526.4942180531466,1526.5058322751486,0.535,2574.0
524,1526.4593753871407,1526.4709896091426,0.579,2592.0
525,1526.4361469431367,1526.4477611651387,0.513,2604.0
526,1526.4245327211347,1526.4361469431367,0.655,2610.0
527,1526.3664616111248,1526.3780758331268,0.51,2640.0
528,1526.3548473891228,1526.3664616111248,0.83,2646.0
529,1526.3432331671208,1526.3548473891228,0.541,2652.0
530,1526.3200047231169,1526.3316189451189,0.502,2664.0
531,1526.308390501115,1526.3200047231169,0.525,2670.0
532,1526.273547835109,1526.285162057111,0.805,2688.0
533,1526.0644918390733,1526.0761060610753,0.695,2796.0
534,1525.9948065070614,1526.0064207290634,0.785,2832.0
535,1525.9251211750495,1525.9367353970515,0.51,2868.0
536,1525.8902785090436,1525.9018927310456,0.64,2886.0
537,1525.8786642870416,1525.8902785090436,0.639,2892.0
538,1525.8322073990337,1525.8438216210357,0.502,2916.0
539,1525.8205931770317,1525.8322073990337,0.69,2922.0
540,1525.7857505110258,1525.7973647330277,0.754,2940.0
541,1525.7741362890238,1525.7857505110258,0.506,2946.0
542,1525.6231514029978,1525.634765625,0.686,3024.0
543,1525.6115371809958,1525.6231514029978,0.515,3030.0
544,1525.5766945149899,1525.5883087369918,0.571,3048.0
545,1525.448938072968,1525.46055229497,0.52,3114.0
546,1525.437323850966,1525.448938072968,0.527,3120.0
547,1525.3908669629582,1525.4024811849602,0.625,3144.0
548,1525.2979531869423,1525.3095674089443,0.852,3192.0
549,1525.2863389649403,1525.2979531869423,0.506,3198.0
550,1525.2631105209364,1525.2747247429384,0.577,3210.0
551,1525.2282678549304,1525.2398820769324,0.584,3228.0
552,1525.2050394109265,1525.2166536329285,0.575,3240.0
553,1525.1818109669225,1525.1934251889245,0.562,3252.0
554,1525.1701967449205,1525.1818109669225,0.506,3258.0
555,1525.1353540789146,1525.1469683009166,0.52,3276.0
556,1525.0888971909067,1525.1005114129086,0.711,3300.0
557,1525.0772829689047,1525.0888971909067,0.64,3306.0
558,1525.0656687469027,1525.0772829689047,0.546,3312.0
559,1525.0540545249007,1525.0656687469027,0.666,3318.0
560,1524.937912304881,1524.949526526883,0.502,3378.0
561,1519.9670252880326,1519.9786395100346,0.674,5946.0
562,1519.5489132959613,1519.5605275179632,0.668,6162.0
563,1519.049501749876,1519.061115971878,0.503,6420.0
564,1517.5396528896183,1517.5512671116203,0.533,7200.0
565,1515.3097222652377,1515.3213364872397,0.613,8352.0
566,1515.2284227112239,1515.2400369332258,0.501,8394.0
567,1509.6071392622646,1509.6187534842666,0.656,11298.0
568,1508.7941437221257,1508.8057579441277,0.508,11718.0
569,1506.645512651759,1506.657126873761,0.671,12828.0
570,1505.960273553642,1505.971887775644,0.651,13182.0
571,1503.5909722652377,1503.6025864872397,0.568,14406.0
572,1497.5515768242071,1497.5631910462089,0.647,17526.0
573,1492.7316746933843,1492.7432889153863,0.81,20016.0
574,1486.2973957042864,1486.3090099262884,0.544,23340.0
575,1483.951322859886,1483.962937081888,0.631,24552.0
576,1475.9607381225221,1475.972352344524,0.511,28680.0
577,1587.6351121159564,1587.6467263379584,0.648,126.0
578,1587.298299677899,1587.309913899901,0.732,300.0
579,1587.2053859018831,1587.217000123885,0.817,348.0
580,1586.9731014618435,1586.9847156838455,0.784,468.0
581,1586.9382587958376,1586.9498730178395,0.532,486.0
582,1586.6711316897918,1586.6827459117937,0.787,624.0
583,1586.2994765857284,1586.3110908077304,0.595,816.0
584,1586.1717201437066,1586.1833343657086,0.858,882.0
585,1586.1368774777006,1586.1484916997026,0.679,900.0
586,1586.0671921456888,1586.0788063676907,0.568,936.0
587,1586.0555779236868,1586.0671921456888,0.887,942.0
588,1586.0439637016848,1586.0555779236868,0.787,948.0
589,1585.939435703667,1585.951049925669,0.683,1002.0
590,1585.927821481665,1585.939435703667,0.846,1008.0
591,1585.892978815659,1585.904593037661,0.645,1026.0
592,1585.1845112735382,1585.1961254955402,0.665,1392.0
593,1585.1728970515362,1585.1845112735382,0.607,1398.0
594,1585.1496686075322,1585.1612828295342,0.734,1410.0
595,1585.1032117195243,1585.1148259415263,0.538,1434.0
596,1585.0683690535184,1585.0799832755204,0.601,1452.0
597,1584.9289983894946,1584.9406126114966,0.553,1524.0
598,1584.6154143954411,1584.627028617443,0.868,1686.0
599,1584.3134446233894,1584.3250588453914,0.807,1842.0
600,1584.2786019573834,1584.2902161793854,0.699,1860.0
601,1584.2553735133795,1584.2669877353815,0.757,1872.0
602,1584.2205308473735,1584.2321450693755,0.589,1890.0
603,1584.1740739593656,1584.1856881813676,0.524,1914.0
604,1584.1624597373636,1584.1740739593656,0.852,1920.0
605,1584.1160028493557,1584.1276170713577,0.717,1944.0
606,1584.0463175173438,1584.0579317393458,0.67,1980.0
607,1584.0114748513379,1584.0230890733399,0.635,1998.0
608,1583.941789519326,1583.953403741328,0.7,2034.0
609,1583.883718409316,1583.895332631318,0.58,2064.0
610,1583.872104187314,1583.883718409316,0.76,2070.0
611,1583.8256472993062,1583.8372615213082,0.879,2094.0
612,1583.5933628592666,1583.6049770812685,0.913,2214.0
613,1583.361078419227,1583.372692641229,0.503,2334.0
614,1583.326235753221,1583.337849975223,0.581,2352.0
615,1583.2333219772052,1583.2449361992071,0.614,2400.0
616,1583.2217077552032,1583.2333219772052,0.671,2406.0
617,1583.1404082011893,1583.1520224231913,0.615,2448.0
618,1582.8384384291378,1582.8500526511398,0.647,2604.0
619,1582.757138875124,1582.768753097126,0.627,2646.0
620,1582.3970979930625,1582.4087122150645,0.805,2832.0
621,1582.3854837710605,1582.3970979930625,0.658,2838.0
622,1582.3622553270566,1582.3738695490586,0.727,2850.0
623,1582.3390268830526,1582.3506411050546,0.677,2862.0
624,1582.3157984390486,1582.3274126610506,0.516,2874.0
625,1582.2344988850348,1582.2461131070368,0.609,2916.0
626,1582.2228846630328,1582.2344988850348,0.693,2922.0
627,1581.8512295589692,1581.8628437809712,0.505,3114.0
628,1581.8047726709613,1581.8163868929632,0.608,3138.0
629,1581.4331175668979,1581.4447317888998,0.629,3330.0
630,1581.363432234886,1581.375046456888,0.888,3366.0
631,1581.32858956888,1581.340203790882,0.57,3384.0
632,1580.724650024777,1580.736264246779,0.505,3696.0
633,1580.701421580773,1580.713035802775,0.734,3708.0
634,1580.15555314668,1580.167167368682,0.683,3990.0
635,1579.7258269326067,1579.7374411546086,0.507,4212.0
636,1579.7025984886027,1579.7142127106047,0.541,4224.0
637,1579.400628716551,1579.412242938553,0.843,4380.0
638,1579.377400272547,1579.389014494549,0.554,4392.0
639,1579.2728722745292,1579.2844864965311,0.506,4446.0
640,1579.2148011645193,1579.2264153865212,0.522,4476.0
641,1579.1567300545094,1579.1683442765113,0.513,4506.0
642,1578.9476740584737,1578.9592882804757,0.583,4614.0
643,1578.3669629583746,1578.3785771803766,0.562,4914.0
644,1578.2508207383548,1578.2624349603568,0.766,4974.0
645,1577.7746376362736,1577.7862518582756,0.506,5220.0
646,1577.3681398662043,1577.3797540882063,0.537,5430.0
647,1577.356525644202,1577.3681398662043,0.621,5436.0
648,1577.2984545341922,1577.3100687561941,0.647,5466.0
649,1576.4738447720515,1576.4854589940535,0.786,5892.0
650,1576.3925452180376,1576.4041594400396,0.923,5934.0
651,1575.509864345887,1575.521478567889,0.68,6390.0
652,1575.1614376858277,1575.1730519078296,0.575,6570.0
653,1574.3716705896927,1574.3832848116947,0.776,6978.0
654,1574.139386149653,1574.151000371655,0.58,7098.0
655,1573.5006039395441,1573.5122181615461,0.554,7428.0
656,1573.4657612735382,1573.4773754955402,0.625,7446.0
657,1573.3147763875124,1573.3263906095144,0.889,7524.0
658,1573.2450910555006,1573.2567052775025,0.512,7560.0
659,1572.7572937314173,1572.7689079534193,0.528,7812.0
660,1572.4785524033696,1572.4901666253716,0.788,7956.0
661,1571.8862270812685,1571.8978413032705,0.609,8262.0
662,1571.8629986372646,1571.8746128592666,0.524,8274.0
663,1571.4797293111992,1571.4913435332012,0.567,8472.0
664,1571.2126022051536,1571.2242164271556,0.617,8610.0
665,1571.1080742071358,1571.1196884291378,0.504,8664.0
666,1569.8305097869177,1569.8421240089197,0.753,9324.0
667,1569.4936973488602,1569.5053115708622,0.539,9498.0
668,1569.4472404608523,1569.4588546828543,0.749,9522.0
669,1569.1104280227948,1569.1220422447968,0.818,9696.0
670,1569.063971134787,1569.075585356789,0.723,9720.0
671,1568.959443136769,1568.971057358771,0.503,9774.0
672,1568.8200724727453,1568.8316866947473,0.632,9846.0
673,1568.5645595887017,1568.5761738107037,0.732,9978.0
674,1568.43680314668,1568.448417368682,0.744,10044.0
675,1568.425188924678,1568.43680314668,0.792,10050.0
676,1568.0767622646185,1568.0883764866205,0.899,10230.0
677,1567.9838484886027,1567.9954627106044,0.549,10278.0
678,1567.9373916005945,1567.9490058225965,0.567,10302.0
679,1567.8677062685827,1567.8793204905846,0.831,10338.0
680,1567.623807606541,1567.635421828543,0.525,10464.0
681,1567.4495942765113,1567.4612084985133,0.875,10554.0
682,1567.4263658325074,1567.4379800545094,0.754,10566.0
683,1567.054710728444,1567.066324950446,0.875,10758.0
684,1566.996639618434,1567.008253840436,0.827,10788.0
685,1566.9269542864222,1566.9385685084242,0.612,10824.0
686,1566.8688831764123,1566.8804973984143,0.725,10854.0
687,1566.8224262884044,1566.8340405104063,0.536,10878.0
688,1566.7759694003964,1566.7875836223984,0.671,10902.0
689,1566.6482129583746,1566.6598271803766,0.592,10968.0
690,1566.5901418483647,1566.6017560703667,0.823,10998.0
691,1566.5785276263628,1566.5901418483647,0.882,11004.0
692,1566.5320707383548,1566.5436849603568,0.551,11028.0
693,1566.497228072349,1566.5088422943509,0.786,11046.0
694,1566.427542740337,1566.439156962339,0.651,11082.0
695,1565.85844586224,1565.870060084242,0.553,11376.0
696,1565.80037475223,1565.811988974232,0.574,11406.0
697,1565.6842325322102,1565.6958467542122,0.605,11466.0
698,1565.6726183102082,1565.6842325322102,0.587,11472.0
699,1565.614547200198,1565.6261614222003,0.719,11502.0
700,1565.022221878097,1565.033836100099,0.581,11808.0
701,1564.998993434093,1565.010607656095,0.708,11820.0
702,1564.9525365460852,1564.9641507680872,0.778,11844.0
703,1564.8131658820614,1564.8247801040634,0.703,11916.0
704,1564.7783232160555,1564.7899374380574,0.771,11934.0
705,1564.7550947720515,1564.7667089940535,0.834,11946.0
706,1564.6737952180376,1564.6854094400396,0.644,11988.0
707,1564.6157241080277,1564.6273383300297,0.792,12018.0
708,1564.51119611001,1564.5228103320119,0.547,12072.0
709,1564.429896555996,1564.441510777998,0.873,12114.0
710,1563.7678859018831,1563.779500123885,0.696,12456.0
711,1563.6401294598613,1563.6517436818633,0.523,12522.0
712,1563.6169010158574,1563.6285152378593,0.615,12534.0
713,1563.5356014618435,1563.5472156838455,0.867,12576.0
714,1563.5239872398415,1563.5356014618435,0.648,12582.0
715,1562.7690628097125,1562.7806770317145,0.738,12972.0
716,1562.5948494796828,1562.6064637016848,0.574,13062.0
717,1562.3974077056491,1562.409021927651,0.609,13164.0
718,1562.2115801536174,1562.2231943756194,0.687,13260.0
719,1562.1767374876115,1562.1883517096135,0.843,13278.0
720,1561.7702397175422,1561.7818539395441,0.533,13488.0
721,1561.6424832755204,1561.6540974975223,0.658,13554.0
722,1561.3288992814669,1561.3405135034689,0.67,13716.0
723,1561.317285059465,1561.3288992814669,0.585,13722.0
724,1561.189528617443,1561.201142839445,0.841,13788.0
725,1560.9804726214074,1560.9920868434094,0.577,13896.0
726,1560.7598024033696,1560.7714166253716,0.812,14010.0
727,1560.7481881813676,1560.7598024033696,0.868,14016.0
728,1560.550746407334,1560.562360629336,0.747,14118.0
729,1560.3997615213082,1560.4113757433101,0.786,14196.0
730,1560.1674770812685,1560.1790913032705,0.775,14316.0
731,1556.6019109266601,1556.6135251486621,0.532,16158.0
732,1555.5217882804757,1555.5334025024777,0.551,16716.0
733,1555.4056460604559,1555.4172602824578,0.513,16776.0
734,1554.5461936323093,1554.5578078543112,0.548,17220.0
735,1554.3719803022796,1554.3835945242815,0.543,17310.0
736,1553.6867412041624,1553.6983554261644,0.554,17664.0
737,1553.2337865460852,1553.2454007680872,0.64,17898.0
738,1552.8272887760158,1552.8389029980178,0.573,18108.0
739,1552.687918111992,1552.699532333994,0.528,18180.0
740,1551.6426381318138,1551.6542523538158,0.667,18720.0
741,1551.421967913776,1551.433582135778,0.529,18834.0
742,1550.6438150396432,1550.6554292616452,0.524,19236.0
743,1549.3081795094154,1549.3197937314173,0.529,19926.0
744,1548.2396710852329,1548.2512853072349,0.62,20478.0
745,1548.123528865213,1548.135143087215,0.538,20538.0
746,1548.100300421209,1548.111914643211,0.553,20550.0
747,1547.7983306491576,1547.8099448711596,0.557,20706.0
748,1546.787893334985,1546.799507556987,0.607,21228.0
749,1546.5788373389494,1546.5904515609514,0.559,21336.0
750,1546.2884817888998,1546.3000960109018,0.564,21486.0
751,1546.23041067889,1546.242024900892,0.54,21516.0
752,1546.183953790882,1546.195568012884,0.573,21540.0
753,1546.17233956888,1546.183953790882,0.515,21546.0
754,1546.0445831268582,1546.0561973488602,0.6,21612.0
755,1545.9400551288404,1545.9516693508424,0.502,21666.0
756,1545.9284409068384,1545.9400551288404,0.61,21672.0
757,1545.8471413528246,1545.8587555748265,0.531,21714.0
758,1545.8006844648166,1545.8122986868186,0.773,21738.0
759,1545.7774560208127,1545.7890702428147,0.528,21750.0
760,1545.7542275768087,1545.7658417988107,0.55,21762.0
761,1545.7309991328048,1545.7426133548067,0.699,21774.0
762,1545.6845422447968,1545.6961564667988,0.522,21798.0
763,1545.6729280227948,1545.6845422447968,0.797,21804.0
764,1545.626471134787,1545.638085356789,0.536,21828.0
765,1545.5103289147671,1545.521943136769,0.532,21888.0
766,1545.4058009167493,1545.4174151387513,0.623,21942.0
767,1545.2083591427156,1545.2199733647176,0.508,22044.0
768,1544.4650489345886,1544.4766631565906,0.502,22428.0
769,1544.0585511645193,1544.0701653865212,0.555,22638.0
770,1542.978428518335,1542.990042740337,0.512,23196.0
771,1542.955200074331,1542.966814296333,0.607,23208.0
772,1542.8274436323093,1542.8390578543112,0.56,23274.0
773,1542.339646308226,1542.351260530228,0.656,23526.0
774,1542.0609049801783,1542.0725192021803,0.508,23670.0
775,1541.9331485381565,1541.9447627601585,0.58,23736.0
776,1541.9099200941525,1541.9215343161545,0.602,23748.0
777,1541.8518489841426,1541.8634632061446,0.561,23778.0
778,1541.619564544103,1541.631178766105,0.656,23898.0
779,1541.607950322101,1541.619564544103,0.686,23904.0
780,1540.7368836719525,1540.7484978939544,0.511,24354.0
781,1540.6788125619426,1540.6904267839445,0.568,24384.0
782,1540.5858987859267,1540.5975130079287,0.609,24432.0
783,1540.4813707879089,1540.4929850099109,0.579,24486.0
784,1540.469756565907,1540.4813707879089,0.694,24492.0
785,1540.434913899901,1540.446528121903,0.548,24510.0
786,1540.423299677899,1540.434913899901,0.974,24516.0
787,1540.411685455897,1540.423299677899,0.877,24522.0
788,1540.342000123885,1540.353614345887,0.637,24558.0
789,1540.2490863478693,1540.2607005698712,0.536,24606.0
790,1540.2258579038653,1540.2374721258673,0.573,24618.0
791,1540.0400303518336,1540.0516445738356,0.707,24714.0
792,1540.0168019078296,1540.0284161298316,0.836,24726.0
793,1539.7845174677898,1539.7961316897918,0.764,24846.0
794,1539.2154205896927,1539.2270348116947,0.575,25140.0
795,1539.052821481665,1539.064435703667,0.612,25224.0
796,1538.9250650396432,1538.9366792616452,0.552,25290.0
797,1538.9134508176412,1538.9250650396432,0.6,25296.0
798,1538.9018365956392,1538.9134508176412,0.611,25302.0
799,1538.8902223736372,1538.9018365956392,0.501,25308.0
800,1538.6347094895937,1538.6463237115956,0.525,25440.0
801,1538.6230952675917,1538.6347094895937,0.652,25446.0
802,1538.5998668235877,1538.6114810455897,0.634,25458.0
803,1538.5882526015857,1538.5998668235877,0.584,25464.0
804,1538.5766383795838,1538.5882526015857,0.538,25470.0
805,1538.5650241575818,1538.5766383795838,0.664,25476.0
806,1538.5534099355798,1538.5650241575818,0.653,25482.0
807,1538.5417957135778,1538.5534099355798,0.821,25488.0
808,1538.5301814915758,1538.5417957135778,0.522,25494.0
809,1538.5185672695739,1538.5301814915758,0.725,25500.0
810,1538.5069530475719,1538.5185672695739,0.573,25506.0
811,1537.868170837463,1537.879785059465,0.663,25836.0
812,1537.2526170713577,1537.2642312933597,0.549,26154.0
813,1536.8925761892963,1536.9041904112983,0.546,26340.0
814,1536.0215095391477,1536.0331237611497,0.599,26790.0
815,1535.5337122150645,1535.5453264370665,0.608,27042.0
816,1535.5220979930625,1535.5337122150645,0.521,27048.0
817,1535.4988695490586,1535.5104837710605,0.503,27060.0
818,1535.4640268830526,1535.4756411050546,0.53,27078.0
819,1535.4524126610506,1535.4640268830526,0.567,27084.0
820,1535.069143334985,1535.080757556987,0.559,27282.0
821,1534.9762295589692,1534.9878437809712,0.694,27330.0
822,1534.9646153369672,1534.9762295589692,0.662,27336.0
823,1534.9297726709613,1534.9413868929632,0.636,27354.0
824,1534.8833157829533,1534.8949300049553,0.617,27378.0
825,1534.8600873389494,1534.8717015609514,0.878,27390.0
826,1534.7439451189296,1534.7555593409315,0.532,27450.0
827,1534.7323308969276,1534.7439451189296,0.663,27456.0
828,1534.534889122894,1534.5465033448959,0.729,27558.0
829,1534.1400055748265,1534.1516197968285,0.706,27762.0
830,1534.1283913528246,1534.1400055748265,0.58,27768.0
831,1534.0935486868186,1534.1051629088206,0.732,27786.0
832,1534.0819344648166,1534.0935486868186,0.546,27792.0
833,1534.0703202428147,1534.0819344648166,0.921,27798.0
834,1534.0354775768087,1534.0470917988107,0.627,27816.0
835,1533.9541780227948,1533.9657922447968,0.513,27858.0
836,1533.9425638007929,1533.9541780227948,0.501,27864.0
837,1533.930949578791,1533.9425638007929,0.773,27870.0
838,1533.919335356789,1533.930949578791,0.673,27876.0
839,1533.884492690783,1533.896106912785,0.742,27894.0
840,1533.849650024777,1533.861264246779,0.646,27912.0
841,1533.6638224727453,1533.6754366947473,0.625,28008.0
842,1533.6289798067394,1533.6405940287414,0.637,28026.0
843,1533.5941371407334,1533.6057513627354,0.613,28044.0
844,1533.5244518087216,1533.5360660307235,0.553,28080.0
845,1533.5128375867196,1533.5244518087216,0.7,28086.0
846,1533.4547664767097,1533.4663806987116,0.546,28116.0
847,1533.3850811446978,1533.3966953666998,0.524,28152.0
848,1533.22248203667,1533.234096258672,0.504,28236.0
849,1533.1760251486621,1533.187639370664,0.516,28260.0
850,1533.1644109266601,1533.1760251486621,0.85,28266.0
851,1533.1295682606542,1533.1411824826562,0.649,28284.0
852,1533.1179540386522,1533.1295682606542,0.58,28290.0
853,1533.0947255946483,1533.1063398166502,0.581,28302.0
854,1533.0831113726463,1533.0947255946483,0.621,28308.0
855,1533.0714971506443,1533.0831113726463,0.586,28314.0
856,1533.0482687066403,1533.0598829286423,0.624,28326.0
857,1533.0366544846383,1533.0482687066403,0.625,28332.0
858,1533.0250402626364,1533.0366544846383,0.667,28338.0
859,1533.0134260406344,1533.0250402626364,0.623,28344.0
860,1532.9901975966304,1533.0018118186324,0.607,28356.0
861,1532.9785833746284,1532.9901975966304,0.527,28362.0
862,1532.9553549306245,1532.9669691526265,0.66,28374.0
863,1532.8624411546084,1532.8740553766106,0.595,28422.0
864,1532.8043700445985,1532.8159842666005,0.514,28452.0
865,1532.7695273785926,1532.7811416005945,0.53,28470.0
866,1532.7462989345886,1532.7579131565906,0.607,28482.0
867,1532.7114562685827,1532.7230704905846,0.58,28500.0
868,1532.6301567145688,1532.6417709365708,0.759,28542.0
869,1532.6185424925668,1532.6301567145688,0.778,28548.0
870,1532.6069282705648,1532.6185424925668,0.798,28554.0
871,1532.5953140485628,1532.6069282705648,0.537,28560.0
872,1532.560471382557,1532.5720856045589,0.849,28578.0
873,1532.514014494549,1532.525628716551,0.574,28602.0
874,1532.467557606541,1532.479171828543,0.586,28626.0
875,1532.444329162537,1532.455943384539,0.588,28638.0
876,1532.3978722745292,1532.4094864965311,0.639,28662.0
877,1532.3514153865212,1532.3630296085232,0.702,28686.0
878,1532.3398011645193,1532.3514153865212,0.731,28692.0
879,1532.3165727205153,1532.3281869425173,0.884,28704.0
880,1532.3049584985133,1532.3165727205153,0.726,28710.0
881,1532.2933442765113,1532.3049584985133,0.792,28716.0
882,1532.2817300545094,1532.2933442765113,0.584,28722.0
883,1532.2585016105054,1532.2701158325074,0.579,28734.0
884,1532.2468873885034,1532.2585016105054,0.771,28740.0
885,1532.2004305004955,1532.2120447224975,0.644,28764.0
886,1532.1888162784935,1532.2004305004955,0.589,28770.0
887,1532.1539736124876,1532.1655878344895,0.53,28788.0
888,1532.1423593904856,1532.1539736124876,0.537,28794.0
889,1532.1307451684836,1532.1423593904856,0.524,28800.0
890,1532.0726740584737,1532.0842882804757,0.552,28830.0
891,1531.944917616452,1531.9565318384539,0.548,28896.0
892,1531.921689172448,1531.93330339445,0.521,28908.0
893,1531.910074950446,1531.921689172448,0.633,28914.0
894,1531.898460728444,1531.910074950446,0.636,28920.0
895,1531.87523228444,1531.886846506442,0.67,28932.0
896,1531.828775396432,1531.840389618434,0.632,28956.0
897,1587.269264122894,1587.2808783448959,0.635,312.0
898,1587.0834365708622,1587.0950507928642,0.625,408.0
899,1586.3633548067392,1586.3749690287411,0.874,780.0
900,1586.2355983647174,1586.2472125867193,0.62,846.0
901,1586.1310703666995,1586.1426845887015,0.865,900.0
902,1586.0381565906837,1586.0497708126857,0.648,948.0
903,1586.0033139246777,1586.0149281466797,0.637,966.0
904,1585.9684712586718,1585.9800854806738,0.617,984.0
905,1585.9452428146678,1585.9568570366698,0.671,996.0
906,1585.9220143706639,1585.9336285926659,0.875,1008.0
907,1585.887171704658,1585.89878592666,0.529,1026.0
908,1585.190318384539,1585.201932606541,0.7,1386.0
909,1585.167089940535,1585.178704162537,0.897,1398.0
910,1585.1554757185331,1585.167089940535,0.85,1404.0
911,1584.9231912784935,1584.9348055004955,0.675,1524.0
912,1584.621221506442,1584.632835728444,0.756,1680.0
913,1584.3424801783942,1584.3540944003962,0.518,1824.0
914,1584.3192517343903,1584.3308659563922,0.749,1836.0
915,1584.2495664023784,1584.2611806243804,0.747,1872.0
916,1584.2263379583744,1584.2379521803764,0.9,1884.0
917,1584.1798810703665,1584.1914952923685,0.588,1908.0
918,1584.1682668483645,1584.1798810703665,0.748,1914.0
919,1584.0405104063427,1584.0521246283447,0.717,1980.0
920,1583.9824392963328,1583.9940535183348,0.835,2010.0
921,1583.877911298315,1583.889525520317,0.682,2064.0
922,1583.831454410307,1583.843068632309,0.678,2088.0
923,1583.5991699702674,1583.6107841922694,0.84,2208.0
924,1583.3552713082258,1583.3668855302278,0.893,2334.0
925,1583.3320428642219,1583.3436570862239,0.503,2346.0
926,1583.227514866204,1583.239129088206,0.53,2400.0
927,1583.192672200198,1583.2042864222,0.676,2418.0
928,1583.1462153121902,1583.1578295341922,0.775,2442.0
929,1582.9023166501486,1582.9139308721506,0.622,2568.0
930,1582.8674739841426,1582.8790882061446,0.532,2586.0
931,1582.8442455401387,1582.8558597621407,0.877,2598.0
932,1582.7513317641228,1582.7629459861248,0.894,2646.0
933,1582.5190473240832,1582.5306615460852,0.758,2766.0
934,1582.3796766600594,1582.3912908820614,0.836,2838.0
935,1582.3564482160555,1582.3680624380574,0.668,2850.0
936,1582.3216055500495,1582.3332197720515,0.67,2868.0
937,1582.2170775520317,1582.2286917740337,0.559,2922.0
938,1582.1938491080277,1582.2054633300297,0.684,2934.0
939,1582.1822348860258,1582.1938491080277,0.55,2940.0
940,1581.91510777998,1581.926722001982,0.652,3078.0
941,1581.8105797819621,1581.8221940039641,0.51,3132.0
942,1581.7873513379582,1581.7989655599602,0.631,3144.0
943,1581.7641228939542,1581.7757371159562,0.545,3156.0
944,1581.5550668979186,1581.5666811199205,0.898,3264.0
945,1581.2066402378591,1581.218254459861,0.587,3444.0
946,1580.7885282457878,1580.8001424677898,0.739,3660.0
947,1580.730457135778,1580.7420713577799,0.697,3690.0
948,1580.4052589197224,1580.4168731417244,0.618,3858.0
949,1579.6503344895934,1579.6619487115954,0.547,4248.0
950,1579.3948216055499,1579.4064358275518,0.53,4380.0
951,1579.3832073835479,1579.3948216055499,0.526,4386.0
952,1579.1625371655102,1579.1741513875122,0.76,4500.0
953,1578.4076127353815,1578.4192269573834,0.785,4890.0
954,1577.3391043111992,1577.350718533201,0.589,5442.0
955,1577.257804757185,1577.269418979187,0.543,5484.0
956,1577.2229620911792,1577.2345763131812,0.513,5502.0
957,1576.70032210109,1576.711936323092,0.559,5772.0
958,1576.4796518830524,1576.4912661050544,0.859,5886.0
959,1575.8873265609514,1575.8989407829533,0.545,6192.0
960,1575.5737425668979,1575.5853567888998,0.604,6354.0
961,1575.3763007928642,1575.3879150148662,0.562,6456.0
962,1575.3646865708622,1575.3763007928642,0.508,6462.0
963,1575.0046456888008,1575.0162599108028,0.575,6648.0
964,1574.702675916749,1574.714290138751,0.604,6804.0
965,1574.4820056987114,1574.4936199207134,0.662,6918.0
966,1574.3890919226956,1574.4007061446976,0.908,6966.0
967,1574.3542492566896,1574.3658634786916,0.514,6984.0
968,1573.1812128344895,1573.1928270564915,0.625,7590.0
969,1572.879243062438,1572.89085728444,0.54,7746.0
970,1572.4495168483645,1572.4611310703665,0.797,7968.0
971,1572.205618186323,1572.217232408325,0.743,8094.0
972,1571.9617195242813,1571.9733337462833,0.52,8220.0
973,1571.54360753221,1571.555221754212,0.515,8436.0
974,1571.4042368681862,1571.4158510901882,0.702,8508.0
975,1571.2184093161545,1571.2300235381565,0.762,8604.0
976,1570.916439544103,1570.928053766105,0.582,8760.0
977,1570.4867133300297,1570.4983275520317,0.512,8982.0
978,1570.4750991080277,1570.4867133300297,0.631,8988.0
979,1570.4634848860258,1570.4750991080277,0.619,8994.0
980,1570.13828666997,1570.149900891972,0.668,9162.0
981,1570.1034440039641,1570.115058225966,0.578,9180.0
982,1570.0105302279483,1570.0221444499502,0.857,9228.0
983,1569.534347125867,1569.545961347869,0.514,9474.0
984,1569.4878902378591,1569.499504459861,0.622,9498.0
985,1569.4762760158571,1569.4878902378591,0.679,9504.0
986,1569.4414333498512,1569.4530475718532,0.671,9522.0
987,1569.0581640237858,1569.0697782457878,0.517,9720.0
988,1568.8258795837462,1568.8374938057482,0.644,9840.0
989,1568.8142653617442,1568.8258795837462,0.714,9846.0
990,1568.7678084737363,1568.7794226957383,0.837,9870.0
991,1568.5006813676907,1568.5122955896927,0.72,10008.0
992,1568.4309960356788,1568.4426102576808,0.865,10044.0
993,1567.9896555996033,1568.0012698216055,0.57,10272.0
994,1567.9315844895934,1567.9431987115954,0.7,10302.0
995,1567.7922138255697,1567.8038280475716,0.531,10374.0
996,1567.6993000495538,1567.7109142715558,0.606,10422.0
997,1567.606386273538,1567.61800049554,0.611,10470.0
998,1566.921147175421,1566.932761397423,0.743,10824.0
999,1566.8630760654112,1566.8746902874132,0.666,10854.0
1000,1566.6540200693755,1566.6656342913775,0.758,10962.0
1001,1566.6307916253716,1566.6424058473735,0.648,10974.0
1002,1566.5959489593656,1566.6075631813676,0.517,10992.0
1003,1566.5843347373636,1566.5959489593656,0.789,10998.0
1004,1566.5262636273537,1566.5378778493557,0.697,11028.0
1005,1566.4914209613478,1566.5030351833498,0.551,11046.0
1006,1565.794567641229,1565.806181863231,0.541,11406.0
1007,1565.782953419227,1565.794567641229,0.792,11412.0
1008,1565.690039643211,1565.701653865213,0.592,11460.0
1009,1565.678425421209,1565.690039643211,0.671,11466.0
1010,1565.004800545094,1565.016414767096,0.717,11814.0
1011,1564.946729435084,1564.958343657086,0.724,11844.0
1012,1564.8886583250742,1564.9002725470762,0.61,11874.0
1013,1564.8189729930623,1564.8305872150643,0.676,11910.0
1014,1564.8073587710603,1564.8189729930623,0.64,11916.0
1015,1564.7609018830524,1564.7725161050544,0.568,11940.0
1016,1564.6215312190286,1564.6331454410306,0.728,12012.0
1017,1564.6099169970266,1564.6215312190286,0.664,12018.0
1018,1564.5634601090187,1564.5750743310207,0.647,12042.0
1019,1564.5518458870167,1564.5634601090187,0.759,12048.0
1020,1564.342789890981,1564.354404112983,0.684,12156.0
1021,1563.762078790882,1563.773693012884,0.512,12456.0
1022,1563.75046456888,1563.762078790882,0.751,12462.0
1023,1563.5530227948464,1563.5646370168483,0.823,12564.0
1024,1563.5297943508424,1563.5414085728444,0.652,12576.0
1025,1563.4484947968285,1563.4601090188305,0.772,12618.0
1026,1563.4368805748265,1563.4484947968285,0.861,12624.0
1027,1562.7632556987114,1562.7748699207134,0.685,12972.0
1028,1562.5890423686817,1562.6006565906837,0.865,13062.0
1029,1562.5774281466797,1562.5890423686817,0.578,13068.0
1030,1562.5309712586718,1562.5425854806738,0.558,13092.0
1031,1562.356757928642,1562.368372150644,0.796,13182.0
1032,1562.0315597125866,1562.0431739345886,0.671,13350.0
1033,1561.799275272547,1561.810889494549,0.579,13470.0
1034,1561.7179757185331,1561.729589940535,0.577,13512.0
1035,1561.6831330525272,1561.6947472745292,0.8,13530.0
1036,1561.6482903865212,1561.6599046085232,0.811,13548.0
1037,1561.5786050545094,1561.5902192765113,0.531,13584.0
1038,1561.5437623885034,1561.5553766105054,0.604,13602.0
1039,1561.5321481665014,1561.5437623885034,0.596,13608.0
1040,1561.4856912784935,1561.4973055004955,0.655,13632.0
1041,1561.4624628344895,1561.4740770564915,0.834,13644.0
1042,1561.4508486124876,1561.4624628344895,0.508,13650.0
1043,1561.3579348364717,1561.3695490584737,0.669,13698.0
1044,1561.3230921704658,1561.3347063924678,0.834,13716.0
1045,1561.2650210604559,1561.2766352824578,0.51,13746.0
1046,1561.23017839445,1561.241792616452,0.745,13764.0
1047,1561.218564172448,1561.23017839445,0.693,13770.0
1048,1561.195335728444,1561.206949950446,0.554,13782.0
1049,1561.11403617443,1561.125650396432,0.526,13824.0
1050,1561.0095081764123,1561.0211223984143,0.612,13878.0
1051,1560.9862797324083,1560.9978939544103,0.773,13890.0
1052,1560.9630512884041,1560.9746655104063,0.557,13902.0
1053,1560.9398228444002,1560.9514370664024,0.696,13914.0
1054,1560.8701375123883,1560.8817517343903,0.882,13950.0
1055,1560.8469090683843,1560.8585232903863,0.605,13962.0
1056,1560.7888379583744,1560.8004521803764,0.637,13992.0
1057,1560.452025520317,1560.463639742319,0.73,14166.0
1058,1557.18842913776,1557.200043359762,0.52,15852.0
1059,1557.1187438057482,1557.1303580277502,0.56,15888.0
1060,1555.7366513875122,1555.7482656095142,0.536,16602.0
1061,1555.5740522794845,1555.5856665014865,0.503,16686.0
1062,1555.5275953914766,1555.5392096134785,0.62,16710.0
1063,1555.5043669474726,1555.5159811694746,0.522,16722.0
1064,1554.8539705153617,1554.8655847373636,0.538,17058.0
1065,1553.7390052031712,1553.7506194251732,0.83,17634.0
1066,1553.7041625371653,1553.7157767591673,0.806,17652.0
1067,1551.7181305748265,1551.7297447968285,0.651,18678.0
1068,1551.4742319127847,1551.4858461347867,0.627,18804.0
1069,1550.68446481665,1550.696079038652,0.608,19212.0
1070,1549.3139866204162,1549.3256008424182,0.567,19920.0
1071,1548.1757928642219,1548.1874070862239,0.603,20508.0
1072,1548.036422200198,1548.0480364222,0.513,20580.0
1073,1548.0015795341922,1548.0131937561941,0.668,20598.0
1074,1547.1769697720515,1547.1885839940535,0.609,21024.0
1075,1547.1305128840436,1547.1421271060456,0.553,21048.0
1076,1546.782086223984,1546.793700445986,0.624,21228.0
1077,1546.6078728939542,1546.6194871159562,0.672,21318.0
1078,1546.5846444499502,1546.5962586719522,0.561,21330.0
1079,1546.2362177898908,1546.2478320118928,0.6,21510.0
1080,1546.2013751238849,1546.2129893458869,0.634,21528.0
1081,1546.062004459861,1546.073618681863,0.607,21600.0
1082,1546.0387760158571,1546.0503902378591,0.55,21612.0
1083,1545.9342480178393,1545.9458622398413,0.632,21666.0
1084,1545.8877911298314,1545.8994053518334,0.504,21690.0
1085,1545.8645626858274,1545.8761769078294,0.534,21702.0
1086,1545.7948773538155,1545.8064915758175,0.766,21738.0
1087,1545.7716489098116,1545.7832631318136,0.505,21750.0
1088,1545.7484204658076,1545.7600346878096,0.549,21762.0
1089,1545.7368062438056,1545.7484204658076,0.599,21768.0
1090,1545.7135777998017,1545.7251920218037,0.624,21780.0
1091,1545.6787351337957,1545.6903493557977,0.79,21798.0
1092,1545.6322782457878,1545.6438924677898,0.552,21822.0
1093,1545.4116080277502,1545.4232222497521,0.503,21936.0
1094,1545.3999938057482,1545.4116080277502,0.538,21942.0
1095,1545.0631813676907,1545.0747955896927,0.592,22116.0
1096,1544.0411298315162,1544.0527440535182,0.56,22644.0
1097,1542.345453419227,1542.357067641229,0.537,23520.0
1098,1542.0899405351831,1542.101554757185,0.569,23652.0
1099,1541.9389556491574,1541.9505698711594,0.585,23730.0
1100,1541.9157272051534,1541.9273414271554,0.562,23742.0
1101,1541.9041129831514,1541.9157272051534,0.643,23748.0
1102,1541.8808845391475,1541.8924987611495,0.526,23760.0
1103,1541.8576560951435,1541.8692703171455,0.581,23772.0
1104,1540.6497770069375,1540.6613912289395,0.68,24396.0
1105,1540.5568632309216,1540.5684774529236,0.557,24444.0
1106,1540.4871778989097,1540.4987921209117,0.518,24480.0
1107,1540.4755636769078,1540.4871778989097,0.537,24486.0
1108,1540.4407210109018,1540.4523352329038,0.56,24504.0
1109,1540.4291067888998,1540.4407210109018,0.624,24510.0
1110,1540.4174925668979,1540.4291067888998,0.973,24516.0
1111,1540.359421456888,1540.37103567889,0.673,24546.0
1112,1540.2548934588701,1540.266507680872,0.53,24600.0
1113,1540.0458374628345,1540.0574516848365,0.626,24708.0
1114,1539.02378592666,1539.035400148662,0.841,25236.0
1115,1538.942486372646,1538.954100594648,0.503,25278.0
1116,1538.919257928642,1538.930872150644,0.651,25290.0
1117,1538.90764370664,1538.919257928642,0.599,25296.0
1118,1538.6753592666005,1538.6869734886025,0.593,25416.0
1119,1538.6521308225965,1538.6637450445985,0.509,25428.0
1120,1538.6405166005945,1538.6521308225965,0.562,25434.0
1121,1538.6172881565906,1538.6289023785926,0.692,25446.0
1122,1538.5708312685827,1538.5824454905846,0.848,25470.0
1123,1538.5592170465807,1538.5708312685827,0.678,25476.0
1124,1538.5476028245787,1538.5592170465807,0.834,25482.0
1125,1538.5359886025767,1538.5476028245787,0.666,25488.0
1126,1538.5127601585727,1538.5243743805747,0.545,25500.0
1127,1538.5011459365708,1538.5127601585727,0.543,25506.0
1128,1537.9901201684836,1538.0017343904856,0.958,25770.0
1129,1537.8623637264618,1537.8739779484638,0.732,25836.0
1130,1536.8519264122892,1536.8635406342912,0.722,26358.0
1131,1535.9692455401387,1535.9808597621407,0.557,26814.0
1132,1535.9576313181367,1535.9692455401387,0.528,26820.0
1133,1535.8995602081268,1535.9111744301288,0.576,26850.0
1134,1535.8763317641228,1535.8879459861248,0.673,26862.0
1135,1535.829874876115,1535.8414890981169,0.683,26886.0
1136,1535.818260654113,1535.829874876115,0.63,26892.0
1137,1535.771803766105,1535.783417988107,0.532,26916.0
1138,1535.5279051040634,1535.5395193260654,0.786,27042.0
1139,1535.4814482160555,1535.4930624380574,0.743,27066.0
1140,1534.970422447968,1534.98203666997,0.582,27330.0
1141,1534.8775086719522,1534.8891228939542,0.536,27378.0
1142,1534.8658944499502,1534.8775086719522,0.538,27384.0
1143,1534.8426660059463,1534.8542802279483,0.748,27396.0
1144,1534.8310517839443,1534.8426660059463,0.501,27402.0
1145,1534.7497522299304,1534.7613664519324,0.521,27444.0
1146,1534.7149095639245,1534.7265237859265,0.514,27462.0
1147,1534.6916811199205,1534.7032953419225,0.576,27474.0
1148,1534.1574269078294,1534.1690411298314,0.712,27750.0
1149,1534.1458126858274,1534.1574269078294,0.58,27756.0
1150,1534.1341984638254,1534.1458126858274,0.736,27762.0
1151,1534.1109700198215,1534.1225842418235,0.577,27774.0
1152,1534.0761273538155,1534.0877415758175,0.704,27792.0
1153,1533.855457135778,1533.8670713577799,0.549,27906.0
1154,1533.820614469772,1533.832228691774,0.58,27924.0
1155,1533.6696295837462,1533.6812438057482,0.641,28002.0
1156,1533.6580153617442,1533.6696295837462,0.587,28008.0
1157,1533.6464011397422,1533.6580153617442,0.726,28014.0
1158,1533.6347869177403,1533.6464011397422,0.746,28020.0
1159,1533.6231726957383,1533.6347869177403,0.56,28026.0
1160,1533.6115584737363,1533.6231726957383,0.641,28032.0
1161,1533.5186446977204,1533.5302589197224,0.71,28080.0
1162,1533.4605735877105,1533.4721878097125,0.669,28110.0
1163,1533.3444313676907,1533.3560455896927,0.502,28170.0
1164,1533.158603815659,1533.170218037661,0.608,28266.0
1165,1533.112146927651,1533.123761149653,0.523,28290.0
1166,1533.0889184836471,1533.1005327056491,0.655,28302.0
1167,1533.0540758176412,1533.0656900396432,0.643,28320.0
1168,1533.0424615956392,1533.0540758176412,0.512,28326.0
1169,1533.0192331516353,1533.0308473736372,0.55,28338.0
1170,1533.0076189296333,1533.0192331516353,0.536,28344.0
1171,1532.9960047076313,1533.0076189296333,0.711,28350.0
1172,1532.9843904856293,1532.9960047076313,0.721,28356.0
1173,1532.9727762636273,1532.9843904856293,0.532,28362.0
1174,1532.9495478196234,1532.9611620416254,0.645,28374.0
1175,1532.9147051536174,1532.9263193756194,0.741,28392.0
1176,1532.7985629335974,1532.8101771555994,0.533,28452.0
1177,1532.7869487115954,1532.7985629335974,0.535,28458.0
1178,1532.7637202675915,1532.7753344895934,0.798,28470.0
1179,1532.6359638255697,1532.6475780475716,0.552,28536.0
1180,1532.6243496035677,1532.6359638255697,0.657,28542.0
1181,1532.6011211595637,1532.6127353815657,0.604,28554.0
1182,1532.5198216055499,1532.5314358275518,0.531,28596.0
1183,1532.484978939544,1532.496593161546,0.672,28614.0
1184,1532.3572224975221,1532.368836719524,0.846,28680.0
1185,1532.3456082755201,1532.3572224975221,0.537,28686.0
1186,1532.3223798315162,1532.3339940535182,0.891,28698.0
1187,1532.3107656095142,1532.3223798315162,0.889,28704.0
1188,1532.2875371655102,1532.2991513875122,0.828,28716.0
1189,1532.2759229435082,1532.2875371655102,0.631,28722.0
1190,1532.2643087215063,1532.2759229435082,0.897,28728.0
1191,1532.2526944995043,1532.2643087215063,0.662,28734.0
1192,1532.2062376114964,1532.2178518334983,0.584,28758.0
1193,1532.1830091674924,1532.1946233894944,0.532,28770.0
1194,1532.1713949454904,1532.1830091674924,0.566,28776.0
1195,1532.1133238354805,1532.1249380574825,0.657,28806.0
1196,1532.0668669474726,1532.0784811694746,0.632,28830.0
1197,1531.9855673934587,1531.9971816154607,0.511,28872.0
1198,1531.9623389494548,1531.9739531714567,0.52,28884.0
1199,1531.9391105054508,1531.9507247274528,0.55,28896.0
1200,1531.9158820614468,1531.9274962834488,0.555,28908.0
1201,1531.9042678394449,1531.9158820614468,0.566,28914.0
1202,1531.8926536174429,1531.9042678394449,0.818,28920.0
1203,1531.881039395441,1531.8926536174429,0.552,28926.0
1204,1531.822968285431,1531.834582507433,0.614,28956.0
1205,1531.5442269573834,1531.5558411793854,0.629,29100.0
1206,1643.8341547169227,1643.8457689389247,0.548,228.0
1207,1643.1024587307977,1643.1140729527997,0.654,606.0
1208,1638.9097245880823,1638.9213388100843,0.525,2772.0
1209,1636.2500677496284,1636.2616819716304,0.622,4146.0
1210,1633.5207255791624,1633.5323398011644,0.684,5556.0
1211,1633.4974971351585,1633.5091113571605,1.0,5568.0
1212,1627.423259028122,1627.434873250124,0.779,8706.0
1213,1626.9006190380328,1626.9122332600348,0.598,8976.0
1214,1626.714791486001,1626.7264057080029,0.621,9072.0
1215,1626.575420821977,1626.587035043979,0.553,9144.0
1216,1626.4708928239593,1626.4825070459613,0.622,9198.0
1217,1626.4012074919474,1626.4128217139494,0.547,9234.0
1218,1626.2502226059216,1626.2618368279236,0.616,9312.0
1219,1626.2386083839197,1626.2502226059216,0.575,9318.0
1220,1626.0992377198959,1626.1108519418979,0.53,9390.0
1221,1626.017938165882,1626.029552387884,0.649,9432.0
1222,1626.00632394388,1626.017938165882,0.587,9438.0
1223,1625.8785675018582,1625.8901817238602,0.85,9504.0
1224,1625.8321106138503,1625.8437248358523,0.628,9528.0
1225,1625.7972679478444,1625.8088821698464,0.705,9546.0
1226,1625.7740395038404,1625.7856537258424,0.571,9558.0
1227,1625.7508110598365,1625.7624252818384,0.855,9570.0
1228,1625.7043541718285,1625.7159683938305,0.778,9594.0
1229,1625.5882119518087,1625.5998261738107,0.873,9654.0
1230,1625.5649835078048,1625.5765977298067,0.509,9666.0
1231,1625.5069123977948,1625.5185266197968,0.534,9696.0
1232,1625.379155955773,1625.390770177775,0.77,9762.0
1233,1625.2281710697473,1625.2397852917493,0.528,9840.0
1234,1625.0655719617196,1625.0771861837216,0.718,9924.0
1235,1625.0075008517097,1625.0191150737116,0.625,9954.0
1236,1624.7055310796582,1624.7171453016601,0.676,10110.0
1237,1624.6706884136522,1624.6823026356542,0.586,10128.0
1238,1624.6010030816403,1624.6126173036423,0.525,10164.0
1239,1624.5777746376364,1624.5893888596383,0.857,10176.0
1240,1624.4964750836225,1624.5080893056245,0.861,10218.0
1241,1624.4848608616205,1624.4964750836225,0.508,10224.0
1242,1624.4616324176166,1624.4732466396185,0.743,10236.0
1243,1624.4500181956146,1624.4616324176166,0.674,10242.0
1244,1624.1828910895688,1624.1945053115708,0.809,10380.0
1245,1624.066748869549,1624.078363091551,0.784,10440.0
1246,1623.8228502075074,1623.8344644295094,0.774,10566.0
1247,1623.7415506534935,1623.7531648754955,0.569,10608.0
1248,1623.6718653214816,1623.6834795434836,0.672,10644.0
1249,1623.6370226554757,1623.6486368774777,0.605,10662.0
1250,1623.6254084334737,1623.6370226554757,0.593,10668.0
1251,1623.5441088794598,1623.5557231014618,0.896,10710.0
1252,1623.5092662134539,1623.5208804354559,0.841,10728.0
1253,1623.497651991452,1623.5092662134539,0.635,10734.0
1254,1623.462809325446,1623.474423547448,0.873,10752.0
1255,1623.451195103444,1623.462809325446,0.653,10758.0
1256,1623.42796665944,1623.439580881442,0.785,10770.0
1257,1623.381509771432,1623.393123993434,0.63,10794.0
1258,1623.36989554943,1623.381509771432,0.543,10800.0
1259,1623.3350528834242,1623.3466671054261,0.585,10818.0
1260,1623.2885959954162,1623.3002102174182,0.522,10842.0
1261,1623.2189106634044,1623.2305248854063,0.62,10878.0
1262,1623.1259968873885,1623.1376111093905,0.918,10926.0
1263,1623.0911542213826,1623.1027684433845,0.922,10944.0
1264,1623.0795399993806,1623.0911542213826,0.882,10950.0
1265,1623.0330831113727,1623.0446973333746,0.525,10974.0
1266,1622.9982404453667,1623.0098546673687,0.618,10992.0
1267,1622.847255559341,1622.858869781343,0.745,11070.0
1268,1622.6846564513132,1622.6962706733152,0.825,11154.0
1269,1622.6498137853073,1622.6614280073093,0.725,11172.0
1270,1622.266544459242,1622.278158681244,0.556,11370.0
1271,1622.1039453512142,1622.1155595732162,0.629,11454.0
1272,1622.0458742412043,1622.0574884632063,0.686,11484.0
1273,1621.9994173531961,1622.011031575198,0.902,11508.0
1274,1621.6509906931367,1621.6626049151387,0.848,11688.0
1275,1621.6277622491327,1621.6393764711347,0.594,11700.0
1276,1621.5696911391228,1621.5813053611248,0.548,11730.0
1277,1621.523234251115,1621.5348484731169,0.548,11754.0
1278,1621.488391585109,1621.500005807111,0.723,11772.0
1279,1621.465163141105,1621.476777363107,0.644,11784.0
1280,1621.453548919103,1621.465163141105,0.528,11790.0
1281,1621.3490209210852,1621.3606351430872,0.633,11844.0
1282,1621.3141782550792,1621.3257924770812,0.86,11862.0
1283,1620.9309089290139,1620.9425231510158,0.686,12060.0
1284,1620.872837819004,1620.884452041006,0.674,12090.0
1285,1620.837995152998,1620.849609375,0.712,12108.0
1286,1620.6986244889742,1620.7102387109762,0.695,12180.0
1287,1620.6753960449703,1620.6870102669723,0.57,12192.0
1288,1620.6405533789643,1620.6521676009663,0.842,12210.0
1289,1620.6173249349604,1620.6289391569624,0.661,12222.0
1290,1620.5592538249505,1620.5708680469525,0.516,12252.0
1291,1620.4663400489346,1620.4779542709366,0.684,12300.0
1292,1620.3966547169227,1620.4082689389247,0.64,12336.0
1293,1620.3153551629089,1620.3269693849109,0.532,12378.0
1294,1620.1062991668732,1620.1179133888752,0.672,12486.0
1295,1620.0830707228693,1620.0946849448712,0.655,12498.0
1296,1620.0133853908574,1620.0249996128593,0.751,12534.0
1297,1619.8972431708376,1619.9088573928395,0.633,12594.0
1298,1619.8391720608277,1619.8507862828296,0.567,12624.0
1299,1619.8043293948217,1619.8159436168237,0.808,12642.0
1300,1619.7346440628098,1619.7462582848118,0.6,12678.0
1301,1619.6301160647918,1619.6417302867937,0.631,12732.0
1302,1619.5952733987858,1619.6068876207878,0.851,12750.0
1303,1619.5836591767838,1619.5952733987858,0.556,12756.0
1304,1619.548816510778,1619.5604307327799,0.508,12774.0
1305,1619.513973844772,1619.525588066774,0.776,12792.0
1306,1619.50235962277,1619.513973844772,0.71,12798.0
1307,1619.467516956764,1619.479131178766,0.707,12816.0
1308,1619.421060068756,1619.432674290758,0.566,12840.0
1309,1619.3862174027502,1619.3978316247521,0.529,12858.0
1310,1619.3746031807482,1619.3862174027502,0.922,12864.0
1311,1619.2816894047323,1619.2933036267343,0.56,12912.0
1312,1619.2236182947224,1619.2352325167244,0.663,12942.0
1313,1619.1423187407086,1619.1539329627105,0.61,12984.0
1314,1619.1074760747026,1619.1190902967046,0.733,13002.0
1315,1619.0958618527006,1619.1074760747026,0.517,13008.0
1316,1619.0842476306987,1619.0958618527006,0.59,13014.0
1317,1619.0610191866947,1619.0726334086967,0.619,13026.0
1318,1619.0377907426907,1619.0494049646927,0.518,13038.0
1319,1619.0145622986868,1619.0261765206888,0.553,13050.0
1320,1619.0029480766848,1619.0145622986868,0.554,13056.0
1321,1618.921648522671,1618.933262744673,0.514,13098.0
1322,1618.851963190659,1618.863577412661,0.811,13134.0
1323,1618.7242067486372,1618.7358209706392,0.522,13200.0
1324,1618.3641658665758,1618.3757800885778,0.581,13386.0
1325,1618.317708978568,1618.32932320057,0.663,13410.0
1326,1618.282866312562,1618.294480534564,0.501,13428.0
1327,1618.236409424554,1618.248023646556,0.507,13452.0
1328,1618.1202672045342,1618.1318814265362,0.522,13512.0
1329,1618.0970387605303,1618.1086529825322,0.724,13524.0
1330,1618.0854245385283,1618.0970387605303,0.704,13530.0
1331,1618.0041249845144,1618.0157392065164,0.858,13572.0
1332,1617.9925107625124,1618.0041249845144,0.785,13578.0
1333,1617.3305001083993,1617.3421143304013,0.509,13920.0
1334,1615.727737472126,1615.739351694128,0.577,14748.0
1335,1605.6582069964074,1605.6698212184092,0.587,19950.0
1336,1605.6465927744052,1605.6582069964074,0.586,19956.0
1337,1605.4956078883795,1605.5072221103815,0.575,20034.0
1338,1605.4839936663775,1605.4956078883795,0.604,20040.0
1339,1605.4723794443755,1605.4839936663775,0.504,20046.0
1340,1605.4491510003716,1605.4607652223735,0.65,20058.0
1341,1605.4259225563676,1605.4375367783696,0.576,20070.0
1342,1605.4143083343656,1605.4259225563676,0.95,20076.0
1343,1605.4026941123636,1605.4143083343656,0.601,20082.0
1344,1605.3794656683597,1605.3910798903617,0.695,20094.0
1345,1605.3678514463577,1605.3794656683597,0.559,20100.0
1346,1605.3562372243557,1605.3678514463577,0.622,20106.0
1347,1605.3446230023537,1605.3562372243557,0.684,20112.0
1348,1605.3330087803517,1605.3446230023537,0.824,20118.0
1349,1605.3213945583498,1605.3330087803517,0.863,20124.0
1350,1605.3097803363478,1605.3213945583498,0.526,20130.0
1351,1605.2981661143458,1605.3097803363478,0.511,20136.0
1352,1605.2865518923438,1605.2981661143458,0.538,20142.0
1353,1605.2749376703418,1605.2865518923438,0.626,20148.0
1354,1605.228480782334,1605.240095004336,0.599,20172.0
1355,1605.158795450322,1605.170409672324,0.631,20208.0
1356,1605.14718122832,1605.158795450322,0.598,20214.0
1357,1605.135567006318,1605.14718122832,0.607,20220.0
1358,1605.123952784316,1605.135567006318,0.651,20226.0
1359,1605.112338562314,1605.123952784316,0.652,20232.0
1360,1605.1007243403121,1605.112338562314,0.626,20238.0
1361,1605.0891101183101,1605.1007243403121,0.662,20244.0
1362,1605.0774958963082,1605.0891101183101,0.642,20250.0
1363,1605.0658816743062,1605.0774958963082,0.857,20256.0
1364,1605.0542674523042,1605.0658816743062,0.818,20262.0
1365,1605.0426532303022,1605.0542674523042,0.742,20268.0
1366,1605.0310390083002,1605.0426532303022,0.761,20274.0
1367,1605.0194247862983,1605.0310390083002,0.833,20280.0
1368,1605.0078105642963,1605.0194247862983,0.835,20286.0
1369,1604.9961963422943,1605.0078105642963,0.796,20292.0
1370,1604.9845821202923,1604.9961963422943,0.778,20298.0
1371,1604.9729678982903,1604.9845821202923,0.885,20304.0
1372,1604.9613536762884,1604.9729678982903,0.997,20310.0
1373,1604.9497394542864,1604.9613536762884,0.806,20316.0
1374,1604.9381252322844,1604.9497394542864,0.962,20322.0
1375,1604.9265110102824,1604.9381252322844,0.815,20328.0
1376,1604.9148967882804,1604.9265110102824,0.871,20334.0
1377,1604.9032825662784,1604.9148967882804,0.794,20340.0
1378,1604.8916683442765,1604.9032825662784,0.876,20346.0
1379,1604.8800541222745,1604.8916683442765,0.888,20352.0
1380,1604.8684399002725,1604.8800541222745,0.916,20358.0
1381,1604.8568256782705,1604.8684399002725,0.749,20364.0
1382,1604.8452114562685,1604.8568256782705,0.883,20370.0
1383,1604.8335972342666,1604.8452114562685,0.875,20376.0
1384,1604.8219830122646,1604.8335972342666,0.973,20382.0
1385,1604.8103687902626,1604.8219830122646,0.65,20388.0
1386,1604.7987545682606,1604.8103687902626,0.789,20394.0
1387,1604.7871403462586,1604.7987545682606,0.841,20400.0
1388,1604.7755261242567,1604.7871403462586,0.784,20406.0
1389,1604.7639119022547,1604.7755261242567,0.875,20412.0
1390,1604.7522976802527,1604.7639119022547,0.808,20418.0
1391,1604.7406834582507,1604.7522976802527,0.8,20424.0
1392,1604.7290692362487,1604.7406834582507,0.872,20430.0
1393,1604.7174550142468,1604.7290692362487,0.697,20436.0
1394,1604.7058407922448,1604.7174550142468,0.827,20442.0
1395,1604.6942265702428,1604.7058407922448,0.745,20448.0
1396,1604.6826123482408,1604.6942265702428,0.822,20454.0
1397,1604.6709981262388,1604.6826123482408,0.794,20460.0
1398,1604.6593839042368,1604.6709981262388,0.858,20466.0
1399,1604.6477696822349,1604.6593839042368,0.958,20472.0
1400,1604.6361554602329,1604.6477696822349,0.896,20478.0
1401,1604.624541238231,1604.6361554602329,0.8,20484.0
1402,1604.612927016229,1604.624541238231,0.766,20490.0
1403,1604.601312794227,1604.612927016229,0.844,20496.0
1404,1604.589698572225,1604.601312794227,0.758,20502.0
1405,1604.578084350223,1604.589698572225,0.824,20508.0
1406,1604.566470128221,1604.578084350223,0.702,20514.0
1407,1604.554855906219,1604.566470128221,0.775,20520.0
1408,1604.543241684217,1604.554855906219,0.766,20526.0
1409,1604.531627462215,1604.543241684217,0.74,20532.0
1410,1604.520013240213,1604.531627462215,0.628,20538.0
1411,1604.508399018211,1604.520013240213,0.735,20544.0
1412,1604.496784796209,1604.508399018211,0.65,20550.0
1413,1604.4851705742071,1604.496784796209,0.675,20556.0
1414,1604.4735563522052,1604.4851705742071,0.564,20562.0
1415,1604.4619421302032,1604.4735563522052,0.645,20568.0
1416,1604.4503279082012,1604.4619421302032,0.763,20574.0
1417,1604.4387136861992,1604.4503279082012,0.641,20580.0
1418,1604.4270994641972,1604.4387136861992,0.719,20586.0
1419,1603.6257181460605,1603.6373323680625,0.523,21000.0
1420,1602.1623261738107,1602.1739403958127,0.655,21756.0
1421,1602.1274835078048,1602.1390977298067,0.832,21774.0
1422,1602.0810266197968,1602.0926408417988,0.876,21798.0
1423,1602.011341287785,1602.022955509787,0.618,21834.0
1424,1600.7802337555747,1600.7918479775767,0.597,22470.0
1425,1600.7453910895688,1600.7570053115708,0.577,22488.0
1426,1600.629248869549,1600.640863091551,0.682,22548.0
1427,1600.617634647547,1600.629248869549,0.751,22554.0
1428,1600.606020425545,1600.617634647547,0.956,22560.0
1429,1600.594406203543,1600.606020425545,0.766,22566.0
1430,1600.582791981541,1600.594406203543,0.863,22572.0
1431,1600.571177759539,1600.582791981541,0.756,22578.0
1432,1600.559563537537,1600.571177759539,0.838,22584.0
1433,1600.547949315535,1600.559563537537,0.984,22590.0
1434,1600.5363350935331,1600.547949315535,0.69,22596.0
1435,1600.5247208715311,1600.5363350935331,0.681,22602.0
1436,1600.5131066495292,1600.5247208715311,0.675,22608.0
1437,1600.5014924275272,1600.5131066495292,0.698,22614.0
1438,1600.4898782055252,1600.5014924275272,0.66,22620.0
1439,1600.4782639835232,1600.4898782055252,0.715,22626.0
1440,1600.4666497615212,1600.4782639835232,0.695,22632.0
1441,1600.4550355395193,1600.4666497615212,0.716,22638.0
1442,1600.4434213175173,1600.4550355395193,0.687,22644.0
1443,1600.4318070955153,1600.4434213175173,0.707,22650.0
1444,1600.4201928735133,1600.4318070955153,0.712,22656.0
1445,1600.4085786515113,1600.4201928735133,0.718,22662.0
1446,1600.3969644295094,1600.4085786515113,0.736,22668.0
1447,1600.3853502075074,1600.3969644295094,0.674,22674.0
1448,1600.3737359855054,1600.3853502075074,0.656,22680.0
1449,1600.3621217635034,1600.3737359855054,0.71,22686.0
1450,1600.3505075415014,1600.3621217635034,0.7,22692.0
1451,1600.3388933194994,1600.3505075415014,0.71,22698.0
1452,1600.3272790974975,1600.3388933194994,0.679,22704.0
1453,1600.3156648754955,1600.3272790974975,0.64,22710.0
1454,1600.3040506534935,1600.3156648754955,0.701,22716.0
1455,1600.2924364314915,1600.3040506534935,0.701,22722.0
1456,1600.2808222094895,1600.2924364314915,0.693,22728.0
1457,1600.2692079874876,1600.2808222094895,0.759,22734.0
1458,1600.2575937654856,1600.2692079874876,0.696,22740.0
1459,1600.2459795434836,1600.2575937654856,0.715,22746.0
1460,1600.2343653214816,1600.2459795434836,0.68,22752.0
1461,1600.2227510994796,1600.2343653214816,0.67,22758.0
1462,1600.2111368774777,1600.2227510994796,0.717,22764.0
1463,1600.1995226554757,1600.2111368774777,0.701,22770.0
1464,1600.1879084334737,1600.1995226554757,0.688,22776.0
1465,1600.1762942114717,1600.1879084334737,0.69,22782.0
1466,1600.1646799894697,1600.1762942114717,0.698,22788.0
1467,1600.1530657674678,1600.1646799894697,0.687,22794.0
1468,1600.1414515454658,1600.1530657674678,0.711,22800.0
1469,1600.1298373234638,1600.1414515454658,0.692,22806.0
1470,1600.1182231014618,1600.1298373234638,0.703,22812.0
1471,1600.1066088794598,1600.1182231014618,0.677,22818.0
1472,1600.0949946574578,1600.1066088794598,0.734,22824.0
1473,1600.0833804354559,1600.0949946574578,0.778,22830.0
1474,1600.0717662134539,1600.0833804354559,0.705,22836.0
1475,1600.060151991452,1600.0717662134539,0.947,22842.0
1476,1600.04853776945,1600.060151991452,0.802,22848.0
1477,1600.036923547448,1600.04853776945,0.952,22854.0
1478,1600.025309325446,1600.036923547448,0.813,22860.0
1479,1600.013695103444,1600.025309325446,0.703,22866.0
1480,1600.002080881442,1600.013695103444,0.586,22872.0
1481,1599.374912893335,1599.386527115337,0.6,23196.0
1482,1592.801263240213,1592.812877462215,0.86,26592.0
1483,1590.5016472838206,1590.5132615058226,0.899,27780.0
1484,1590.3390481757929,1590.3506623977948,0.587,27864.0
1485,1590.327433953791,1590.3390481757929,0.59,27870.0
1486,1589.7931797416998,1589.8047939637017,0.837,28146.0
1487,1589.5260526356542,1589.5376668576562,0.564,28284.0
1488,1642.202356525644,1642.213970747646,0.503,1068.0
1489,1633.4916900241574,1633.5033042461594,0.992,5568.0
1490,1633.4103904701435,1633.4220046921455,0.518,5610.0
1491,1627.4290661391228,1627.4406803611248,0.588,8700.0
1492,1627.4174519171208,1627.4290661391228,0.516,8706.0
1493,1626.4418572689542,1626.4534714909562,0.632,9210.0
1494,1626.3954003809463,1626.4070146029483,0.548,9234.0
1495,1626.3141008269324,1626.3257150489344,0.538,9276.0
1496,1626.2560297169225,1626.2676439389245,0.562,9306.0
1497,1626.2444154949205,1626.2560297169225,0.593,9312.0
1498,1626.0702021648908,1626.0818163868928,0.512,9402.0
1499,1626.0585879428888,1626.0702021648908,0.523,9408.0
1500,1625.954059944871,1625.965674166873,0.503,9462.0
1501,1625.8611461688552,1625.8727603908571,0.51,9510.0
1502,1625.8379177248512,1625.8495319468532,0.655,9522.0
1503,1625.7914608368433,1625.8030750588453,0.904,9546.0
1504,1625.7798466148413,1625.7914608368433,0.551,9552.0
1505,1625.7450039488353,1625.7566181708373,0.601,9570.0
1506,1625.7101612828294,1625.7217755048314,0.71,9588.0
1507,1625.6985470608274,1625.7101612828294,0.552,9594.0
1508,1625.6520901728195,1625.6637043948215,0.572,9618.0
1509,1625.5824048408076,1625.5940190628096,0.725,9654.0
1510,1625.5011052867937,1625.5127195087957,0.731,9696.0
1511,1625.2339781807482,1625.2455924027502,0.514,9834.0
1512,1625.2223639587462,1625.2339781807482,0.519,9840.0
1513,1625.0597648507185,1625.0713790727204,0.582,9924.0
1514,1624.5255106386273,1624.5371248606293,0.733,10200.0
1515,1624.4906679726214,1624.5022821946234,0.764,10218.0
1516,1624.4674395286174,1624.4790537506194,0.643,10230.0
1517,1624.4558253066155,1624.4674395286174,0.771,10236.0
1518,1624.4093684186075,1624.4209826406095,0.809,10260.0
1519,1624.3280688645934,1624.3396830865954,0.642,10302.0
1520,1624.1770839785677,1624.1886982005697,0.618,10380.0
1521,1624.0957844245538,1624.1073986465558,0.53,10422.0
1522,1624.0609417585479,1624.0725559805499,0.588,10440.0
1523,1623.991256426536,1624.002870648538,0.59,10476.0
1524,1623.979642204534,1623.991256426536,0.531,10482.0
1525,1623.8751142065162,1623.8867284285182,0.549,10536.0
1526,1623.8170430965063,1623.8286573185082,0.783,10566.0
1527,1623.7357435424924,1623.7473577644944,0.632,10608.0
1528,1623.5847586564666,1623.5963728784686,0.504,10686.0
1529,1623.5499159904607,1623.5615302124627,0.909,10704.0
1530,1623.5034591024528,1623.5150733244548,0.771,10728.0
1531,1623.4686164364468,1623.4802306584488,0.714,10746.0
1532,1623.4570022144449,1623.4686164364468,0.726,10752.0
1533,1623.433773770441,1623.4453879924429,0.6,10764.0
1534,1623.422159548439,1623.433773770441,0.503,10770.0
1535,1623.375702660431,1623.387316882433,0.721,10794.0
1536,1623.2827888844151,1623.2944031064171,0.682,10842.0
1537,1623.2479462184092,1623.2595604404112,0.618,10860.0
1538,1623.2131035524033,1623.2247177744052,0.892,10878.0
1539,1623.1666466643953,1623.1782608863973,0.659,10902.0
1540,1623.1318039983894,1623.1434182203914,0.625,10920.0
1541,1623.1201897763874,1623.1318039983894,0.591,10926.0
1542,1623.0853471103815,1623.0969613323834,0.607,10944.0
1543,1623.0737328883795,1623.0853471103815,0.637,10950.0
1544,1623.0040475563676,1623.0156617783696,0.664,10986.0
1545,1622.9111337803517,1622.9227480023537,0.529,11034.0
1546,1622.8646768923438,1622.8762911143458,0.525,11058.0
1547,1622.6788493403121,1622.690463562314,0.636,11154.0
1548,1622.6556208963082,1622.6672351183101,0.727,11166.0
1549,1622.5859355642963,1622.5975497862983,0.545,11202.0
1550,1622.144595128221,1622.156209350223,0.555,11430.0
1551,1622.121366684217,1622.132980906219,0.538,11442.0
1552,1622.098138240213,1622.109752462215,0.691,11454.0
1553,1622.0400671302032,1622.0516813522052,0.604,11484.0
1554,1622.005224464197,1622.0168386861992,0.878,11502.0
1555,1621.958767576189,1621.970381798191,0.603,11526.0
1556,1621.7380973581514,1621.7497115801534,0.523,11640.0
1557,1621.6567978041376,1621.6684120261395,0.578,11682.0
1558,1621.6451835821356,1621.6567978041376,0.705,11688.0
1559,1621.6103409161296,1621.6219551381316,0.835,11706.0
1560,1621.5638840281217,1621.5754982501237,0.648,11730.0
1561,1621.5406555841178,1621.5522698061197,0.601,11742.0
1562,1621.459356030104,1621.4709702521059,0.697,11784.0
1563,1621.424513364098,1621.4361275861,0.546,11802.0
1564,1621.389670698092,1621.401284920094,0.727,11820.0
1565,1621.37805647609,1621.389670698092,0.568,11826.0
1566,1621.354828032086,1621.366442254088,0.738,11838.0
1567,1621.1341578140484,1621.1457720360504,0.513,11952.0
1568,1621.0644724820365,1621.0760867040385,0.586,11988.0
1569,1620.8786449300048,1620.8902591520068,0.689,12084.0
1570,1620.727660043979,1620.739274265981,0.538,12162.0
1571,1620.6463604899652,1620.6579747119672,0.617,12204.0
1572,1620.4605329379335,1620.4721471599355,0.704,12300.0
1573,1620.4140760499256,1620.4256902719276,0.509,12324.0
1574,1620.3792333839197,1620.3908476059216,0.519,12342.0
1575,1620.3095480519078,1620.3211622739097,0.651,12378.0
1576,1620.0424209458622,1620.0540351678642,0.602,12516.0
1577,1619.8914360598365,1619.9030502818384,0.856,12594.0
1578,1619.8333649498265,1619.8449791718285,0.626,12624.0
1579,1619.7985222838206,1619.8101365058226,0.611,12642.0
1580,1619.6823800638008,1619.6939942858025,0.622,12702.0
1581,1619.6359231757926,1619.6475373977946,0.826,12726.0
1582,1619.5894662877847,1619.6010805097867,0.707,12750.0
1583,1619.5197809557728,1619.5313951777748,0.86,12786.0
1584,1619.5081667337708,1619.5197809557728,0.937,12792.0
1585,1619.461709845763,1619.473324067765,0.563,12816.0
1586,1619.380410291749,1619.392024513751,0.907,12858.0
1587,1619.357181847745,1619.368796069747,0.631,12870.0
1588,1619.2874965157332,1619.2991107377352,0.502,12906.0
1589,1619.2758822937312,1619.2874965157332,0.531,12912.0
1590,1619.2178111837213,1619.2294254057233,0.66,12942.0
1591,1619.1945827397174,1619.2061969617193,0.697,12954.0
1592,1619.1713542957134,1619.1829685177154,0.538,12966.0
1593,1619.1481258517094,1619.1597400737114,0.679,12978.0
1594,1619.1016689637015,1619.1132831857035,0.775,13002.0
1595,1619.0435978536916,1619.0552120756936,0.6,13032.0
1596,1619.0319836316896,1619.0435978536916,0.679,13038.0
1597,1619.0203694096876,1619.0319836316896,0.552,13044.0
1598,1619.0087551876857,1619.0203694096876,0.635,13050.0
1599,1618.85777030166,1618.869384523662,0.575,13128.0
1600,1618.822927635654,1618.834541857656,0.627,13146.0
1601,1618.776470747646,1618.788084969648,0.503,13170.0
1602,1618.6951711936322,1618.7067854156342,0.517,13212.0
1603,1618.5790289736124,1618.5906431956143,0.582,13272.0
1604,1618.3583587555747,1618.3699729775767,0.806,13386.0
1605,1618.230602313553,1618.242216535555,0.529,13452.0
1606,1618.137688537537,1618.149302759539,0.656,13500.0
1607,1618.126074315535,1618.137688537537,0.542,13506.0
1608,1617.9983178735133,1618.0099320955153,0.903,13572.0
1609,1617.9867036515113,1617.9983178735133,0.578,13578.0
1610,1617.1388654453665,1617.1504796673685,0.799,14016.0
1611,1612.214435316526,1612.226049538528,0.661,16560.0
1612,1611.4014397763874,1611.4130539983894,0.628,16980.0
1613,1610.240017576189,1610.251631798191,0.616,17580.0
1614,1609.066981153989,1609.078595375991,0.678,18186.0
1615,1605.664014107408,1605.6756283294103,0.91,19944.0
1616,1605.6523998854063,1605.664014107408,0.825,19950.0
1617,1605.6291714414024,1605.6407856634041,0.743,19962.0
1618,1605.6059429973984,1605.6175572194002,0.6,19974.0
1619,1605.5711003313922,1605.5827145533942,0.53,19992.0
1620,1605.4898007773784,1605.5014149993804,0.573,20034.0
1621,1605.4549581113724,1605.4665723333744,0.66,20052.0
1622,1605.4433438893705,1605.4549581113724,0.553,20058.0
1623,1605.4317296673685,1605.4433438893705,0.627,20064.0
1624,1605.4201154453665,1605.4317296673685,0.554,20070.0
1625,1605.3968870013625,1605.4085012233645,0.883,20082.0
1626,1605.3852727793605,1605.3968870013625,0.728,20088.0
1627,1605.3736585573586,1605.3852727793605,0.958,20094.0
1628,1605.3620443353566,1605.3736585573586,0.66,20100.0
1629,1605.3504301133546,1605.3620443353566,0.707,20106.0
1630,1605.3388158913526,1605.3504301133546,0.502,20112.0
1631,1605.3272016693506,1605.3388158913526,0.66,20118.0
1632,1605.3155874473487,1605.3272016693506,0.589,20124.0
1633,1605.3039732253467,1605.3155874473487,0.626,20130.0
1634,1605.2923590033447,1605.3039732253467,0.569,20136.0
1635,1605.2807447813427,1605.2923590033447,0.708,20142.0
1636,1605.2459021153368,1605.2575163373388,0.762,20160.0
1637,1605.2342878933348,1605.2459021153368,0.529,20166.0
1638,1605.2226736713328,1605.2342878933348,0.549,20172.0
1639,1605.176216783325,1605.1878310053269,0.631,20196.0
1640,1605.164602561323,1605.176216783325,0.555,20202.0
1641,1605.152988339321,1605.164602561323,0.703,20208.0
1642,1605.141374117319,1605.152988339321,0.615,20214.0
1643,1605.129759895317,1605.141374117319,0.646,20220.0
1644,1605.118145673315,1605.129759895317,0.609,20226.0
1645,1605.106531451313,1605.118145673315,0.677,20232.0
1646,1605.094917229311,1605.106531451313,0.611,20238.0
1647,1605.083303007309,1605.094917229311,0.643,20244.0
1648,1605.071688785307,1605.083303007309,0.696,20250.0
1649,1605.060074563305,1605.071688785307,0.664,20256.0
1650,1605.048460341303,1605.060074563305,0.841,20262.0
1651,1605.0368461193011,1605.048460341303,0.797,20268.0
1652,1605.0252318972991,1605.0368461193011,0.819,20274.0
1653,1605.0136176752972,1605.0252318972991,0.729,20280.0
1654,1605.0020034532952,1605.0136176752972,0.79,20286.0
1655,1604.9903892312932,1605.0020034532952,0.706,20292.0
1656,1604.9787750092912,1604.9903892312932,0.828,20298.0
1657,1604.9671607872892,1604.9787750092912,0.878,20304.0
1658,1604.9555465652872,1604.9671607872892,0.812,20310.0
1659,1604.9439323432853,1604.9555465652872,0.838,20316.0
1660,1604.9323181212833,1604.9439323432853,0.844,20322.0
1661,1604.9207038992813,1604.9323181212833,0.841,20328.0
1662,1604.9090896772793,1604.9207038992813,0.771,20334.0
1663,1604.8974754552773,1604.9090896772793,0.76,20340.0
1664,1604.8858612332754,1604.8974754552773,0.864,20346.0
1665,1604.8742470112734,1604.8858612332754,0.82,20352.0
1666,1604.8626327892714,1604.8742470112734,0.783,20358.0
1667,1604.8510185672694,1604.8626327892714,0.823,20364.0
1668,1604.8394043452674,1604.8510185672694,0.904,20370.0
1669,1604.8277901232655,1604.8394043452674,0.897,20376.0
1670,1604.8161759012635,1604.8277901232655,0.772,20382.0
1671,1604.8045616792615,1604.8161759012635,0.793,20388.0
1672,1604.7929474572595,1604.8045616792615,0.871,20394.0
1673,1604.7813332352575,1604.7929474572595,0.949,20400.0
1674,1604.7697190132556,1604.7813332352575,0.803,20406.0
1675,1604.7581047912536,1604.7697190132556,0.798,20412.0
1676,1604.7464905692516,1604.7581047912536,0.803,20418.0
1677,1604.7348763472496,1604.7464905692516,0.887,20424.0
1678,1604.7232621252476,1604.7348763472496,0.777,20430.0
1679,1604.7116479032456,1604.7232621252476,0.739,20436.0
1680,1604.7000336812437,1604.7116479032456,0.75,20442.0
1681,1604.6884194592417,1604.7000336812437,0.843,20448.0
1682,1604.6768052372397,1604.6884194592417,0.822,20454.0
1683,1604.6651910152377,1604.6768052372397,0.727,20460.0
1684,1604.6535767932357,1604.6651910152377,0.9,20466.0
1685,1604.6419625712338,1604.6535767932357,0.788,20472.0
1686,1604.6303483492318,1604.6419625712338,0.845,20478.0
1687,1604.6187341272298,1604.6303483492318,0.692,20484.0
1688,1604.6071199052278,1604.6187341272298,0.832,20490.0
1689,1604.5955056832258,1604.6071199052278,0.859,20496.0
1690,1604.5838914612239,1604.5955056832258,0.805,20502.0
1691,1604.5722772392219,1604.5838914612239,0.787,20508.0
1692,1604.56066301722,1604.5722772392219,0.826,20514.0
1693,1604.549048795218,1604.56066301722,0.75,20520.0
1694,1604.537434573216,1604.549048795218,0.716,20526.0
1695,1604.525820351214,1604.537434573216,0.704,20532.0
1696,1604.514206129212,1604.525820351214,0.754,20538.0
1697,1604.50259190721,1604.514206129212,0.932,20544.0
1698,1604.490977685208,1604.50259190721,0.948,20550.0
1699,1604.479363463206,1604.490977685208,0.612,20556.0
1700,1604.467749241204,1604.479363463206,0.574,20562.0
1701,1604.456135019202,1604.467749241204,0.591,20568.0
1702,1604.4445207972,1604.456135019202,0.671,20574.0
1703,1604.432906575198,1604.4445207972,0.587,20580.0
1704,1603.875423919103,1603.887038141105,0.552,20868.0
1705,1602.0868337307977,1602.0984479527997,0.878,21792.0
1706,1600.8092693105796,1600.8208835325815,0.61,22452.0
1707,1600.7511982005697,1600.7628124225716,0.81,22482.0
1708,1600.6234417585479,1600.6350559805499,0.517,22548.0
1709,1600.611827536546,1600.6234417585479,0.966,22554.0
1710,1600.600213314544,1600.611827536546,0.759,22560.0
1711,1600.588599092542,1600.600213314544,0.987,22566.0
1712,1600.57698487054,1600.588599092542,0.815,22572.0
1713,1600.565370648538,1600.57698487054,0.962,22578.0
1714,1600.553756426536,1600.565370648538,0.847,22584.0
1715,1600.542142204534,1600.553756426536,0.704,22590.0
1716,1600.530527982532,1600.542142204534,0.704,22596.0
1717,1600.51891376053,1600.530527982532,0.877,22602.0
1718,1600.507299538528,1600.51891376053,0.686,22608.0
1719,1600.495685316526,1600.507299538528,0.68,22614.0
1720,1600.484071094524,1600.495685316526,0.692,22620.0
1721,1600.4724568725221,1600.484071094524,0.678,22626.0
1722,1600.4608426505201,1600.4724568725221,0.743,22632.0
1723,1600.4492284285182,1600.4608426505201,0.677,22638.0
1724,1600.4376142065162,1600.4492284285182,0.692,22644.0
1725,1600.4259999845142,1600.4376142065162,0.702,22650.0
1726,1600.4143857625122,1600.4259999845142,0.655,22656.0
1727,1600.4027715405102,1600.4143857625122,0.718,22662.0
1728,1600.3911573185082,1600.4027715405102,0.695,22668.0
1729,1600.3795430965063,1600.3911573185082,0.692,22674.0
1730,1600.3679288745043,1600.3795430965063,0.722,22680.0
1731,1600.3563146525023,1600.3679288745043,0.704,22686.0
1732,1600.3447004305003,1600.3563146525023,0.72,22692.0
1733,1600.3330862084983,1600.3447004305003,0.725,22698.0
1734,1600.3214719864964,1600.3330862084983,0.709,22704.0
1735,1600.3098577644944,1600.3214719864964,0.657,22710.0
1736,1600.2982435424924,1600.3098577644944,0.703,22716.0
1737,1600.2866293204904,1600.2982435424924,0.661,22722.0
1738,1600.2750150984884,1600.2866293204904,0.736,22728.0
1739,1600.2634008764865,1600.2750150984884,0.684,22734.0
1740,1600.2517866544845,1600.2634008764865,0.696,22740.0
1741,1600.2401724324825,1600.2517866544845,0.693,22746.0
1742,1600.2285582104805,1600.2401724324825,0.712,22752.0
1743,1600.2169439884785,1600.2285582104805,0.728,22758.0
1744,1600.2053297664766,1600.2169439884785,0.709,22764.0
1745,1600.1937155444746,1600.2053297664766,0.665,22770.0
1746,1600.1821013224726,1600.1937155444746,0.738,22776.0
1747,1600.1704871004706,1600.1821013224726,0.697,22782.0
1748,1600.1588728784686,1600.1704871004706,0.73,22788.0
1749,1600.1472586564666,1600.1588728784686,0.7,22794.0
1750,1600.1356444344647,1600.1472586564666,0.681,22800.0
1751,1600.1240302124627,1600.1356444344647,0.736,22806.0
1752,1600.1124159904607,1600.1240302124627,0.693,22812.0
1753,1600.1008017684587,1600.1124159904607,0.692,22818.0
1754,1600.0891875464567,1600.1008017684587,0.702,22824.0
1755,1600.0775733244548,1600.0891875464567,0.692,22830.0
1756,1600.0659591024528,1600.0775733244548,0.755,22836.0
1757,1600.0543448804508,1600.0659591024528,0.945,22842.0
1758,1600.0427306584488,1600.0543448804508,0.992,22848.0
1759,1600.0311164364468,1600.0427306584488,0.802,22854.0
1760,1600.0195022144449,1600.0311164364468,0.949,22860.0
1761,1600.0078879924429,1600.0195022144449,0.902,22866.0
1762,1599.8220604404112,1599.8336746624132,0.719,22962.0
1763,1599.7988319964072,1599.8104462184092,0.535,22974.0
1764,1599.5549333343656,1599.5665475563676,0.521,23100.0
1765,1598.741937794227,1598.753552016229,0.681,23520.0
1766,1597.278545821977,1597.290160043979,0.663,24276.0
1767,1596.4423218378345,1596.4539360598365,0.647,24708.0
1768,1596.3029511738105,1596.3145653958127,0.866,24780.0
1769,1592.807070351214,1592.818684573216,0.737,26586.0
1770,1592.5283290231664,1592.5399432451684,0.618,26730.0
1771,1588.196224216427,1588.207838438429,0.676,28968.0
1772,1588.172995772423,1588.184609994425,0.548,28980.0
1773,1699.0576026697224,1699.0692168917244,0.54,834.0
1774,1698.767247119673,1698.7788613416749,0.83,984.0
1775,1698.0007084675422,1698.0123226895441,0.675,1380.0
1776,1694.783568972993,1694.795183194995,0.514,3042.0
1777,1694.4699849789395,1694.4815992009414,0.623,3204.0
1778,1694.4002996469276,1694.4119138689296,0.545,3240.0
1779,1694.3770712029236,1694.3886854249256,0.671,3252.0
1780,1691.9264703605054,1691.9380845825074,0.792,4518.0
1781,1690.8231192703172,1690.8347334923192,0.539,5088.0
1782,1686.5142429075818,1686.5258571295838,0.583,7314.0
1783,1686.2471158015362,1686.2587300235382,0.764,7452.0
1784,1686.2122731355303,1686.2238873575322,0.692,7470.0
1785,1686.2006589135283,1686.2122731355303,0.553,7476.0
1786,1686.0032171394946,1686.0148313614966,0.655,7578.0
1787,1685.5154198154114,1685.5270340374134,0.73,7830.0
1788,1685.3528207073834,1685.3644349293854,0.507,7914.0
1789,1685.3295922633795,1685.3412064853815,0.53,7926.0
1790,1685.3063638193755,1685.3179780413775,0.775,7938.0
1791,1685.2831353753716,1685.2947495973735,0.814,7950.0
1792,1685.2250642653617,1685.2366784873636,0.579,7980.0
1793,1685.1669931553517,1685.1786073773537,0.815,8010.0
1794,1685.1553789333498,1685.1669931553517,0.744,8016.0
1795,1685.1321504893458,1685.1437647113478,0.818,8028.0
1796,1685.1205362673438,1685.1321504893458,0.576,8034.0
1797,1685.0856936013379,1685.0973078233399,0.58,8052.0
1798,1685.074079379336,1685.0856936013379,0.502,8058.0
1799,1685.062465157334,1685.074079379336,0.885,8064.0
1800,1685.03923671333,1685.050850935332,0.948,8076.0
1801,1685.016008269326,1685.027622491328,0.61,8088.0
1802,1685.004394047324,1685.016008269326,0.736,8094.0
1803,1684.98116560332,1684.992779825322,0.636,8106.0
1804,1684.957937159316,1684.969551381318,0.559,8118.0
1805,1684.9114802713082,1684.9230944933101,0.66,8142.0
1806,1684.8766376053022,1684.8882518273042,0.616,8160.0
1807,1684.8650233833002,1684.8766376053022,0.811,8166.0
1808,1684.8534091612983,1684.8650233833002,0.753,8172.0
1809,1681.7291834427651,1681.7407976647671,0.519,9786.0
1810,1681.5201274467295,1681.5317416687315,0.59,9894.0
1811,1680.8232741266106,1680.8348883486126,0.652,10254.0
1812,1678.8372421642716,1678.8488563862736,0.616,11280.0
1813,1675.89884399777,1675.910458219772,0.604,12798.0
1814,1674.621279577552,1674.632893799554,0.598,13458.0
1815,1669.5807072286918,1669.5923214506938,0.616,16062.0
1816,1659.6853900830029,1659.697004305005,0.652,21174.0
1817,1659.662161638999,1659.673775861001,0.778,21186.0
1818,1657.5716016786423,1657.5832159006443,0.626,22266.0
1819,1655.4345848302776,1655.4461990522796,0.64,23370.0
1820,1694.847447194004,1694.859061416006,0.658,3006.0
1821,1694.3828783139245,1694.3944925359265,0.581,3246.0
1822,1693.9763805438552,1693.9879947658571,0.538,3456.0
1823,1690.852154825322,1690.863769047324,0.51,5070.0
1824,1690.6895557172943,1690.7011699392963,0.909,5154.0
1825,1686.4155220205648,1686.4271362425668,0.687,7362.0
1826,1686.4039077985628,1686.4155220205648,0.878,7368.0
1827,1686.3922935765609,1686.4039077985628,0.598,7374.0
1828,1686.345836688553,1686.357450910555,0.832,7398.0
1829,1686.299379800545,1686.310994022547,0.515,7422.0
1830,1686.252922912537,1686.264537134539,0.786,7446.0
1831,1686.2064660245292,1686.2180802465311,0.807,7470.0
1832,1685.9974100284935,1686.0090242504955,0.506,7578.0
1833,1685.9509531404856,1685.9625673624876,0.563,7602.0
1834,1685.4747700384044,1685.4863842604063,0.507,7848.0
1835,1685.4515415944002,1685.4631558164024,0.503,7860.0
1836,1685.4166989283942,1685.4283131503962,0.565,7878.0
1837,1685.3934704843903,1685.4050847063922,0.584,7890.0
1838,1685.3702420403863,1685.3818562623883,0.825,7902.0
1839,1685.3121709303764,1685.3237851523784,0.573,7932.0
1840,1685.3005567083744,1685.3121709303764,0.538,7938.0
1841,1685.2773282643705,1685.2889424863724,0.851,7950.0
1842,1685.2657140423685,1685.2773282643705,0.661,7956.0
1843,1685.2424855983645,1685.2540998203665,0.681,7968.0
1844,1685.2308713763625,1685.2424855983645,0.509,7974.0
1845,1685.2076429323586,1685.2192571543605,0.53,7986.0
1846,1685.1611860443506,1685.1728002663526,0.714,8010.0
1847,1685.1379576003467,1685.1495718223487,0.719,8022.0
1848,1685.1263433783447,1685.1379576003467,0.816,8028.0
1849,1685.1147291563427,1685.1263433783447,0.595,8034.0
1850,1685.0915007123388,1685.1031149343407,0.57,8046.0
1851,1685.0682722683348,1685.0798864903368,0.863,8058.0
1852,1685.0566580463328,1685.0682722683348,0.566,8064.0
1853,1685.010201158325,1685.0218153803269,0.737,8088.0
1854,1684.998586936323,1685.010201158325,0.707,8094.0
1855,1684.952130048315,1684.963744270317,0.826,8118.0
1856,1684.882444716303,1684.894058938305,0.705,8154.0
1857,1684.8708304943011,1684.882444716303,0.756,8160.0
1858,1684.8359878282952,1684.8476020502972,0.549,8178.0
1859,1684.7895309402872,1684.8011451622892,0.715,8202.0
1860,1684.7663024962833,1684.7779167182853,0.745,8214.0
1861,1681.5607772237363,1681.5723914457383,0.541,9870.0
1862,1681.5491630017343,1681.5607772237363,0.535,9876.0
1863,1681.4097923377105,1681.4214065597125,0.507,9948.0
1864,1680.6316394635776,1680.6432536855796,0.568,10350.0
1865,1677.5422564110504,1677.5538706330524,0.55,11946.0
1866,1676.1717782148166,1676.1833924368186,0.598,12654.0
1867,1675.6259097807233,1675.6375240027253,0.538,12936.0
1868,1675.5329960047075,1675.5446102267094,0.611,12984.0
1869,1674.7200004645688,1674.7316146865708,0.772,13404.0
1870,1674.3483453605054,1674.3599595825074,0.576,13596.0
1871,1673.3727507123388,1673.3843649343407,0.739,14100.0
1872,1668.7735187995538,1668.7851330215558,0.526,16476.0
1873,1667.3217410493062,1667.3333552713082,0.691,17226.0
1874,1665.3589375309712,1665.3705517529731,0.562,18240.0
1875,1659.9699385220515,1659.9815527440535,0.651,21024.0
1876,1653.8492435270068,1653.8608577490088,0.537,24186.0
1877,1649.4474533882556,1649.4590676102575,0.508,26460.0
1878,1647.0084667678393,1647.0200809898413,0.531,27720.0
1879,1746.5692072132063,1746.5808214352082,0.783,5424.0
1880,1739.472917569995,1739.484531791997,0.934,9090.0
1881,1735.9189656373885,1735.9305798593905,0.625,10926.0
1882,1714.5255687097374,1714.5371829317394,0.546,21978.0
1883,1707.1273092944748,1707.1389235164768,0.638,25800.0
1884,1707.011167074455,1707.022781296457,0.709,25860.0
1885,1752.5563386552278,1752.5679528772298,0.775,2328.0
1886,1751.3716880110258,1751.3833022330277,0.663,2940.0
1887,1749.6643973767343,1749.6760115987363,0.551,3822.0
1888,1748.0151778524528,1748.0267920744548,0.609,4674.0
1889,1734.3800812221257,1734.3916954441277,0.548,11718.0
1890,1733.4974003499751,1733.509014571977,0.59,12174.0
1891,1729.049153323216,1729.060767545218,0.519,14472.0
1892,1724.0085809743557,1724.0201951963577,0.768,17076.0
1893,1723.3001134322349,1723.3117276542368,0.58,17442.0
1894,1719.5487197255945,1719.5603339475965,0.564,19380.0
1895,1711.7555767622646,1711.7671909842666,0.608,23406.0
1896,1710.5012407860504,1710.5128550080524,0.583,24054.0
1897,1812.4428967418237,1812.4545109638257,0.563,528.0
1898,1808.6450461471754,1808.6566603691774,0.511,2490.0
1899,1803.2328186942518,1803.2444329162538,0.585,5286.0
1900,1798.2154747893953,1798.2270890113973,0.678,7878.0
1901,1797.739291687314,1797.750905909316,0.612,8124.0
1902,1797.5650783572844,1797.5766925792864,0.621,8214.0
1903,1794.3130961967295,1794.3247104187315,0.527,9894.0
1904,1786.9961363354807,1787.0077505574827,0.549,13674.0
1905,1785.7185719152626,1785.7301861372646,0.562,14334.0
1906,1779.690790696234,1779.702404918236,0.855,17448.0
1907,1778.5293684960357,1778.5409827180376,0.804,18048.0
1908,1776.7291640857284,1776.7407783077304,0.904,18978.0
1909,1769.9232299925668,1769.9348442145688,0.766,22494.0
1910,1767.2984158201189,1767.3100300421208,0.697,23850.0
1911,1763.6515501114966,1763.6631643334986,0.568,25734.0
1912,1812.6809882928642,1812.6926025148662,0.798,402.0
1913,1812.4835465188305,1812.4951607408325,0.804,504.0
1914,1812.3441758548067,1812.3557900768087,0.662,576.0
1915,1811.36858120664,1811.380195428642,0.501,1080.0
1916,1811.0549972125866,1811.0666114345886,0.519,1242.0
1917,1805.8634399777006,1805.8750541997026,0.809,3924.0
1918,1798.8252214444994,1798.8368356665014,0.533,7560.0
1919,1798.0354543483645,1798.0470685703665,0.616,7968.0
1920,1795.8984375,1795.9100517220018,0.509,9072.0
1921,1790.033255388999,1790.0448696110009,0.516,12102.0
1922,1787.2690705525272,1787.2806847745292,0.836,13530.0
1923,1783.5757479558968,1783.5873621778987,0.94,15438.0
1924,1775.3644930004955,1775.3761072224975,0.516,19680.0
1925,1770.9627028617442,1770.9743170837462,0.798,21954.0
1926,1769.9522655475716,1769.9638797695736,0.754,22476.0
1927,1764.7258656466797,1764.7374798686817,0.746,25176.0
1928,1758.036073773538,1758.04768799554,0.728,28632.0
1929,1867.933471800669,1867.945086022671,0.706,996.0
1930,1851.3948196698464,1851.4064338918483,0.631,9540.0
1931,1851.069621453791,1851.0812356757929,0.892,9708.0
1932,1837.875865259539,1837.887479481541,0.603,16524.0
1933,1831.8132413745045,1831.8248555965065,0.741,19656.0
1934,1820.5242175885778,1820.5358318105798,0.564,25488.0
1935,1815.6114016817394,1815.6230159037414,0.939,28026.0
1936,1814.7171065875866,1814.7287208095886,0.621,28488.0
1937,1814.6706496995787,1814.6822639215807,0.604,28512.0
1938,1814.508050591551,1814.519664813553,0.518,28596.0
1939,1814.426751037537,1814.438365259539,0.509,28638.0
1940,1865.3260789612239,1865.3376931832258,0.579,2340.0
1941,1863.6536309929384,1863.6652452149403,0.688,3204.0
1942,1862.4573661267343,1862.4689803487363,0.608,3822.0
1943,1840.1116029949205,1840.1232172169225,0.566,15366.0
1944,1831.2615658294103,1831.2731800514123,0.633,19938.0
1945,1822.980625541997,1822.992239763999,0.566,24216.0
1946,1818.8924193972991,1818.9040336193011,0.644,26328.0
1947,1815.9656354527997,1815.9772496748017,0.878,27840.0
1948,1815.6172087927403,1815.6288230147422,0.917,28020.0
1949,1926.1998459179881,1926.21146013999,0.857,30.0
1950,1924.945509941774,1924.957124163776,0.602,678.0
1951,1924.933895719772,1924.945509941774,0.52,684.0
1952,1924.910667275768,1924.92228149777,0.53,696.0
1953,1924.6667686137264,1924.6783828357284,0.844,822.0
1954,1923.4356610815164,1923.4472753035184,0.693,1458.0
1955,1922.9246353134292,1922.9362495354312,0.506,1722.0
1956,1922.8317215374134,1922.8433357594154,0.754,1770.0
1957,1922.8201073154114,1922.8317215374134,0.629,1776.0
1958,1922.6923508733894,1922.7039650953914,0.505,1842.0
1959,1921.7864415572349,1921.7980557792368,0.582,2310.0
1960,1921.670299337215,1921.681913559217,0.76,2370.0
1961,1921.3102584551536,1921.3218726771556,0.741,2556.0
1962,1921.1825020131319,1921.1941162351338,0.513,2622.0
1963,1921.136045125124,1921.147659347126,0.642,2646.0
1964,1915.2360203481169,1915.2476345701189,0.509,5694.0
1965,1892.6812012202677,1892.6928154422696,0.585,17346.0
1966,1886.3746786731913,1886.3862928951933,0.76,20604.0
1967,1926.194038806987,1926.205653028989,0.685,30.0
1968,1924.7306468347372,1924.7422610567392,0.618,786.0
1969,1923.4414681925173,1923.4530824145193,0.695,1452.0
1970,1923.2672548624876,1923.2788690844895,0.787,1542.0
1971,1923.1975695304757,1923.2091837524777,0.542,1578.0
1972,1922.942056646432,1922.953670868434,0.625,1710.0
1973,1922.0826042182853,1922.0942184402872,0.513,2154.0
1974,1921.7922486682357,1921.8038628902377,0.822,2304.0
1975,1921.676106448216,1921.687720670218,0.623,2364.0
1976,1921.1418522361248,1921.1534664581268,0.636,2640.0
1977,1917.2394736434587,1917.2510878654607,0.536,4656.0
1978,1912.7331555066896,1912.7447697286916,0.527,6984.0
1979,1908.8191626920218,1908.8307769140238,0.919,9006.0
1980,1896.3222598178888,1896.3338740398908,0.739,15462.0
1981,1876.05544242443,1876.067056646432,0.645,25932.0
1982,1872.815074485877,1872.826688707879,0.84,27606.0
1983,1872.3969624938056,1872.4085767158076,0.715,27822.0
